0.pcd -3.75486e-05 -4.82994e-06 0.000729749 0.979496 -0.00504178 0.201399 2.06218e-06
1.pcd 0.133232 0.0623087 0.00640042 0.975126 -0.0225244 0.202055 0.0882927
2.pcd 0.663598 0.221524 0.0180146 0.976127 -0.022555 0.17535 0.126173
3.pcd 1.11861 0.276598 0.0134688 0.982242 -0.0103706 0.185194 0.028217
4.pcd 1.30805 0.254985 0.021345 0.980611 -0.00496513 0.186762 -0.0591419
5.pcd 1.80261 0.1343 0.013899 0.977356 0.0124935 0.185969 -0.100173
6.pcd 2.28983 0.00791044 0.00693866 0.977262 0.0156423 0.187871 -0.0970519
7.pcd 2.77345 -0.0604957 -0.011003 0.975857 0.00679943 0.217935 -0.0126885
8.pcd 2.75412 0.00284323 0.0119535 0.982082 -0.00988216 0.176682 0.0648101
9.pcd 3.25734 0.05376 0.0051352 0.979055 -0.0167566 0.194647 0.0572974
10.pcd 3.23792 0.0169105 0.000347658 0.977512 0.00874029 0.203261 -0.0554922
11.pcd 3.21944 -0.0290357 0.00654344 0.966416 0.0416984 0.203331 -0.151518
12.pcd 3.19807 -0.0507881 0.0222365 0.948639 0.0623623 0.19068 -0.244615
13.pcd 3.17319 -0.0731975 0.050389 0.916073 0.0873575 0.191887 -0.341113
14.pcd 3.14225 -0.0800152 0.0550512 0.878613 0.10923 0.17949 -0.428825
15.pcd 3.11948 -0.0990843 0.0412672 0.828841 0.125956 0.171147 -0.517558
16.pcd 3.09409 -0.118653 0.0265739 0.773133 0.144695 0.164327 -0.595252
17.pcd 3.05749 -0.135926 0.0147172 0.71193 0.149737 0.136343 -0.672417
18.pcd 3.01719 -0.140567 0.0126438 0.639093 0.173806 0.133644 -0.737218
19.pcd 2.97486 -0.134811 0.0140663 0.56581 0.172558 0.107386 -0.799094
20.pcd 2.94449 -0.127817 0.00663742 -0.47848 -0.189567 -0.100759 0.851451
21.pcd 2.91703 -0.107885 0.0121507 -0.394637 -0.186632 -0.075558 0.896505
22.pcd 2.8875 -0.0892652 0.0126548 -0.30669 -0.195268 -0.0613691 0.92954
23.pcd 2.85591 -0.0370331 0.023532 -0.189959 -0.207076 -0.0394044 0.958897
24.pcd 2.80795 -0.01838 -0.00126423 -0.0926415 -0.203627 -0.0251061 0.974332
25.pcd 2.79431 -1.56989e-05 -0.000694833 0.00671223 -0.196371 0.00157753 0.980506
26.pcd 2.23916 0.0681294 0.014813 0.0589687 -0.171224 -0.00188473 0.983464
27.pcd 1.74521 0.150819 0.0124719 0.124933 -0.18658 0.0104152 0.974408
28.pcd 1.20335 0.240057 0.0262036 0.0888954 -0.184117 0.00656099 0.978854
29.pcd 0.97496 0.237556 0.0137141 -0.000910436 -0.190647 0.00337574 0.981652
30.pcd 0.668592 0.192353 0.000172694 -0.108049 -0.189584 -0.0149728 0.975787
31.pcd 0.533811 0.112547 -0.00438755 -0.197644 -0.182155 -0.0226518 0.962935
32.pcd 0.0204092 -0.0848963 0.0472652 -0.169523 -0.178688 -0.046763 0.968063
33.pcd -0.2089 -0.183086 0.00849917 -0.0888966 -0.212602 -0.0349389 0.972459
34.pcd -0.213012 -0.158377 0.0242554 0.00919171 -0.215364 -0.0143141 0.976386
35.pcd -0.198886 -0.122399 0.0182184 0.109124 -0.20913 0.00996849 0.971729
36.pcd -0.166056 -0.0783272 0.00904705 0.246912 -0.199586 0.0402071 0.947409
37.pcd -0.147487 -0.050012 -0.0156228 0.34055 -0.191142 0.0740624 0.917609
38.pcd -0.120747 -0.0214583 -0.00576965 0.428288 -0.17539 0.0940298 0.881457
39.pcd -0.0857955 0.0119939 0.00487102 0.512782 -0.168142 0.114846 0.834023
40.pcd -0.0452457 0.0550427 -0.00959438 0.599968 -0.156439 0.122663 0.774932
41.pcd 0.00666329 0.0814691 -0.00341803 0.683415 -0.139675 0.144256 0.701873
42.pcd 0.0504276 0.0839874 0.00108489 0.753242 -0.12206 0.160568 0.626056
43.pcd 0.089055 0.0751222 0.0146143 0.810502 -0.106396 0.171729 0.549797
44.pcd 0.115295 0.0719729 0.0100429 0.862312 -0.0833907 0.179166 0.466223
45.pcd 0.138899 0.0629539 -0.00149228 0.90202 -0.073869 0.194018 0.378497
46.pcd 0.155821 0.050533 0.00203181 0.936806 -0.0481527 0.192973 0.287816
47.pcd 0.164721 0.0382486 0.0105931 0.959503 -0.0316638 0.20411 0.191547
48.pcd 0.173941 0.0102373 0.0212249 0.975419 -0.00896892 0.197975 0.0963492
49.pcd 0.193359 -0.0176111 0.00965426 0.979479 0.00705005 0.201382 -0.00417985
50.pcd 0.161874 0.0240591 0.0131193 0.973465 -0.0232471 0.199488 0.109681
51.pcd 0.667135 0.208144 0.0245575 0.977905 -0.0115924 0.168637 0.122999
52.pcd 0.996278 0.281329 0.0208155 0.975889 -0.0165004 0.215144 0.0328816
53.pcd 1.11214 0.206851 0.0294926 0.984838 0.0142675 0.164881 -0.0520154
54.pcd 1.64101 0.115901 0.0318758 0.980075 0.0210732 0.173383 -0.0945919
55.pcd 2.12954 -0.0264905 0.0153528 0.97706 0.0216007 0.179527 -0.112506
56.pcd 2.45829 -0.0646513 0.0288879 0.981778 0.00391748 0.189934 0.00458857
57.pcd 2.95727 0.0307785 0.0219177 0.982109 -0.0110251 0.175092 0.0684302
58.pcd 3.42585 0.0563036 -0.0125456 0.9763 -0.003006 0.215873 -0.0151297
59.pcd 3.40397 0.0219605 -0.0100154 0.97283 0.0227753 0.207552 -0.100024
60.pcd 3.38584 -0.00804378 0.00124038 0.958512 0.0430602 0.203451 -0.194959
61.pcd 3.36988 -0.0327721 0.000739008 0.934087 0.0651006 0.196931 -0.290624
62.pcd 3.34394 -0.0503293 0.0289788 0.902516 0.0877817 0.183227 -0.379719
63.pcd 3.29756 -0.0699687 0.0422165 0.857274 0.113208 0.180345 -0.468766
64.pcd 3.26092 -0.0894815 0.0245511 0.809495 0.1243 0.161701 -0.550564
65.pcd 3.21769 -0.110199 0.0261115 0.74547 0.143373 0.155867 -0.632
66.pcd 3.18402 -0.112071 0.0071265 0.681794 0.165671 0.139087 -0.698831
67.pcd 3.12131 -0.101877 0.0107247 0.570834 0.173326 0.115369 -0.794227
68.pcd 3.11027 -0.0887609 -0.0185424 -0.488359 -0.185185 -0.0946753 0.847496
69.pcd 3.06846 -0.0761162 -0.00797406 -0.352011 -0.193727 -0.0730353 0.912811
70.pcd 3.04269 -0.0370846 0.00968845 -0.263501 -0.19328 -0.0498581 0.943782
71.pcd 3.00649 -0.00694899 0.0358629 -0.163908 -0.201398 -0.0338163 0.965106
72.pcd 2.98272 0.0316603 0.0250336 -0.0225251 -0.196333 -0.00157018 0.980277
73.pcd 2.43708 0.089706 0.00812553 0.0482221 -0.176656 -0.00489611 0.983078
74.pcd 1.90716 0.192366 -0.00204894 0.0398027 -0.185341 -0.00536418 0.981853
75.pcd 1.41615 0.240811 0.121791 -0.0123732 -0.191846 -0.0331313 0.980788
76.pcd 0.947684 0.0834026 -0.0975993 -0.0114685 -0.187396 0.0106081 0.98216
77.pcd 0.49016 0.134228 0.121454 -0.0756186 -0.198458 -0.0356222 0.976539
78.pcd -0.023678 0.0495366 0.0314884 -0.0769164 -0.186353 -0.0235483 0.979184
79.pcd -0.289031 -0.0466741 0.029732 -0.163909 -0.209125 -0.0407744 0.963192
80.pcd -0.240747 -0.0662871 0.014618 -0.264961 -0.202962 -0.0549785 0.941052
81.pcd -0.197751 -0.0887538 0.017502 -0.350275 -0.192352 -0.0832466 0.912895
82.pcd -0.259157 -0.233243 0.00790489 -0.464899 -0.17931 -0.105477 0.860576
83.pcd -0.203881 -0.244303 0.00722453 0.591228 0.154382 0.127155 -0.781312
84.pcd -0.170144 -0.238691 0.0114394 0.665581 0.143443 0.139726 -0.718959
85.pcd -0.145324 -0.221903 0.0305125 0.732711 0.121519 0.154092 -0.651631
86.pcd -0.110969 -0.200982 0.0295319 0.793112 0.113877 0.172043 -0.573067
87.pcd -0.0772879 -0.177481 0.0601673 0.846296 0.0918027 0.178141 -0.493579
88.pcd -0.0746491 -0.189387 0.0189437 0.802174 0.116771 0.153551 -0.565069
89.pcd -0.144578 -0.195925 0.0578261 0.746502 0.127441 0.149406 -0.635745
90.pcd -0.0109149 -0.182474 0.00941189 0.680186 0.137007 0.13871 -0.706637
91.pcd 0.0431708 -0.682835 0.0419401 0.699177 0.124851 0.133216 -0.691243
92.pcd -0.0183274 -1.18519 0.00902111 0.698771 0.124747 0.143452 -0.689622
93.pcd 0.00788159 -1.51794 -0.00791833 0.753837 0.11418 0.171084 -0.624038
94.pcd 0.141244 -2.03527 0.0202644 0.76032 0.118609 0.153001 -0.62003
95.pcd 0.121082 -2.57439 0.0175881 0.733306 0.11314 0.128991 -0.657893
96.pcd 0.0951298 -2.83893 -0.0285153 0.64365 0.156504 0.138663 -0.736202
97.pcd -0.00826153 -2.96963 -0.00525788 0.556659 0.169317 0.118962 -0.804556
98.pcd -0.0257758 -2.95957 -0.00739079 -0.468723 -0.177887 -0.101818 0.859237
99.pcd -0.0319402 -2.93189 -0.0153277 -0.38384 -0.180702 -0.0840723 0.901635
100.pcd -0.0517578 -2.90612 -0.000909584 -0.292031 -0.187932 -0.0618694 0.93572
101.pcd -0.0753009 -2.88456 0.0038014 -0.197289 -0.192283 -0.0396284 0.960486
102.pcd -0.0922574 -2.86386 0.00955932 -0.10572 -0.189763 -0.0125535 0.976041
103.pcd -0.0963105 -2.81509 -0.0497219 -0.00303259 -0.201888 -0.00163259 0.979403
104.pcd -0.0993378 -2.76511 -0.0810651 0.0873204 -0.190792 0.0102713 0.977685
105.pcd -0.0990318 -2.72529 -0.0885315 0.190779 -0.195287 0.0245553 0.961698
106.pcd -0.0905962 -2.69025 -0.0635935 0.282124 -0.183557 0.0459857 0.940531
107.pcd -0.0858302 -2.6591 -0.0388269 0.379999 -0.179176 0.0653316 0.905112
108.pcd -0.0780676 -2.64348 -0.0338086 0.465659 -0.170057 0.0850205 0.864299
109.pcd -0.0612853 -2.6143 -0.00290524 0.55098 -0.15654 0.108067 0.81255
110.pcd -0.0357397 -2.59556 -0.00123965 0.62916 -0.149158 0.124234 0.752646
111.pcd -0.0154365 -2.58391 0.00917228 0.692476 -0.13229 0.139593 0.695335
112.pcd 0.00565359 -2.56977 -0.0111167 0.756897 -0.124624 0.152074 0.623257
113.pcd 0.0354964 -2.3223 -0.00737694 0.696451 -0.145389 0.135915 0.689453
114.pcd 0.0695539 -1.80619 0.0169173 0.696622 -0.110648 0.12276 0.698144
115.pcd -0.0124985 -1.29797 0.0349177 0.652431 -0.126405 0.110415 0.739029
116.pcd -0.0798823 -0.7723 0.0815382 0.651018 -0.126749 0.111646 0.740031
117.pcd -0.118388 -0.250023 0.0704872 0.646594 -0.125083 0.128173 0.741514
118.pcd -0.0816582 -0.0401249 0.0869908 0.709091 -0.102213 0.13735 0.684016
119.pcd -0.152559 0.0432753 0.0217887 0.638139 -0.148391 0.129013 0.744389
120.pcd -0.101659 -0.0423902 -0.0541367 0.560654 -0.174561 0.117691 0.800839
121.pcd -0.0814313 -0.0392252 -0.0132867 0.642321 -0.160536 0.132183 0.737685
122.pcd 0.0106984 0.0204882 0.0926173 0.703666 -0.124071 0.132601 0.686933
123.pcd -0.0569788 -0.0561406 -0.0527288 0.683177 -0.206664 0.212383 0.667422
124.pcd -0.0511146 -0.0776662 0.0119489 0.699349 -0.143606 0.149466 0.684067
125.pcd -0.0559773 0.0993991 -0.00747622 0.797762 -0.117071 0.204223 0.555125
126.pcd -0.0341468 0.20648 0.0856018 0.849285 -0.0968776 0.177834 0.48755
127.pcd -0.0282359 0.180385 0.0482659 0.889065 -0.0824626 0.183304 0.411294
128.pcd 0.000123962 0.125033 0.0051865 0.92437 -0.0561083 0.199231 0.320467
129.pcd 0.00586091 0.0779762 0.00705258 0.952197 -0.0391114 0.197054 0.230131
130.pcd 0.021871 0.0453909 0.0166861 0.970462 -0.0230826 0.202229 0.129513
131.pcd 0.0259321 0.0246364 0.0296741 0.9797 -0.000727141 0.197511 0.034295
132.pcd 0.387134 -0.0203732 0.0237661 0.974928 0.0226309 0.203436 -0.0872752
133.pcd -0.0239292 0.0489743 0.0726975 0.979559 -0.00115237 0.201147 0.00147885
