0.pcd -1.33922e-05 -3.77476e-05 -0.000145782 0.979725 0.00111909 0.200342 -6.19949e-06
1.pcd 0.530933 -0.0745086 0.00303019 0.97922 -0.00437504 0.188919 -0.0736081
2.pcd 1.06169 -0.174488 0.0102652 0.97983 0.00141859 0.184986 -0.075568
3.pcd 1.57847 -0.261558 0.00345291 0.978933 0.00236672 0.189936 -0.0748885
4.pcd 1.96053 -0.357453 -0.00917566 0.959444 0.0343646 0.202557 -0.193022
5.pcd 1.94317 -0.390427 -0.00734812 0.934576 0.0564322 0.196049 -0.291459
6.pcd 1.91988 -0.412284 -0.0195115 0.903979 0.0743249 0.181227 -0.380072
7.pcd 1.90786 -0.480378 0.00263189 0.873978 0.0765079 0.146189 -0.457098
8.pcd 2.22966 -0.938232 -0.007768 0.883067 0.0650089 0.162507 -0.435382
9.pcd 2.55827 -1.33857 0.0168696 0.890397 0.0671277 0.172796 -0.415727
10.pcd 2.8838 -1.73672 0.00258051 0.890627 0.0668213 0.174825 -0.414434
11.pcd 3.20471 -2.12357 0.00319439 0.889446 0.0686596 0.176861 -0.415803
12.pcd 3.55028 -2.53608 0.0145691 0.891083 0.0809882 0.185159 -0.406359
13.pcd 3.59253 -2.59374 0.0123839 0.922961 0.0671341 0.205398 -0.318508
14.pcd 3.59547 -2.50121 -0.00132032 0.95148 0.0441549 0.212404 -0.218224
15.pcd 4.07439 -2.69913 0.0024331 0.960319 0.024977 0.174698 -0.215975
16.pcd 4.4189 -2.79865 0.0145562 0.974675 0.0184104 0.185786 -0.123097
17.pcd 4.97647 -2.85108 -0.00372373 0.979239 0.00617574 0.191088 -0.0673593
18.pcd 5.5078 -2.93027 0.00726717 0.974998 0.00906127 0.188132 -0.117908
19.pcd 6.02652 -3.01395 -0.0183156 0.980625 0.00442086 0.190646 -0.0448114
20.pcd 6.52831 -3.05066 -0.0115979 0.979884 0.00194546 0.194277 -0.0456166
21.pcd 7.04376 -3.16051 -0.0204185 0.979117 0.0122962 0.17684 -0.0995322
22.pcd 7.38886 -3.19407 -0.0248146 0.958572 0.0446365 0.205094 -0.19257
23.pcd 7.38754 -3.22248 -0.0263191 0.936918 0.0570661 0.191199 -0.287003
24.pcd 7.38819 -3.20537 -0.0462256 0.908034 0.0739976 0.180827 -0.37054
25.pcd 7.29387 -3.2679 -0.0148977 0.864546 0.0966892 0.174046 -0.461433
26.pcd 7.2425 -3.26107 -0.0309842 0.819414 0.113292 0.149774 -0.541566
27.pcd 7.24597 -3.28895 -0.0406452 0.755592 0.131673 0.143773 -0.625358
28.pcd 7.18592 -3.268 -0.0186518 0.660575 0.142818 0.109739 -0.728835
29.pcd 7.11527 -3.26715 -0.0387307 0.538219 0.174825 0.0994094 -0.818459
30.pcd 7.07077 -3.24824 -0.029724 -0.407619 -0.181555 -0.0663901 0.892456
31.pcd 7.04512 -3.23561 -0.0719209 -0.267572 -0.190198 -0.0391198 0.943769
32.pcd 6.95283 -3.13665 0.0282454 -0.0806169 -0.207842 -0.00260673 0.974831
33.pcd 6.96124 -3.12266 -0.0317383 0.00451404 -0.190066 0.0143195 0.981656
34.pcd 6.35565 -3.06936 -0.0247253 0.0513472 -0.175398 0.0159204 0.983029
35.pcd 5.66202 -3.00626 -0.0654886 0.0509448 -0.179738 0.00318983 0.982389
36.pcd 5.1608 -2.98182 0.0119775 0.0499967 -0.185379 0.00374001 0.981387
37.pcd 4.55552 -2.88689 -0.00301439 0.0519983 -0.181115 0.0170539 0.981938
38.pcd 4.35284 -2.83188 -0.00233314 0.155745 -0.217974 0.0269735 0.96307
39.pcd 4.08153 -2.74766 0.0188252 0.224221 -0.161122 0.0433817 0.960147
40.pcd 3.55434 -2.48107 0.0423331 0.266376 -0.165112 0.0468934 0.948463
41.pcd 3.0915 -2.25046 0.0483939 0.268255 -0.172996 0.0461716 0.946562
42.pcd 2.88208 -2.00604 0.117428 0.367561 -0.154426 0.0669079 0.914645
43.pcd 2.52212 -1.79327 -0.19523 0.335305 -0.171787 0.0521801 0.924844
44.pcd 2.10962 -1.43052 -0.0916561 0.334316 -0.171716 0.059106 0.924799
45.pcd 1.71667 -1.0791 -0.0749531 0.334768 -0.174714 0.0591173 0.924073
46.pcd 1.2902 -0.67826 -0.178497 0.34975 -0.162975 0.0718181 0.919759
47.pcd 1.09521 -0.659747 0.28554 0.275112 -0.176386 0.0670592 0.942711
48.pcd 0.908423 -0.51716 -0.303272 0.238885 -0.165073 0.0698233 0.954363
49.pcd 0.75042 -0.355493 0.26338 0.122638 -0.186449 0.0342754 0.974178
50.pcd 0.522341 -0.490397 -0.162441 0.0920549 -0.162163 0.034838 0.981843
51.pcd 0.0698477 -0.280336 0.0504653 0.0200741 -0.180126 0.00540989 0.983424
52.pcd -0.428533 -0.326185 0.0186314 0.138494 -0.212283 0.0212889 0.96711
53.pcd -0.375687 -0.329737 0.0251111 0.242397 -0.206098 0.0442689 0.946999
54.pcd -0.352649 -0.302861 0.013404 0.334168 -0.199032 0.0679605 0.918749
55.pcd -0.323061 -0.263453 0.00268623 0.423773 -0.17313 0.0840238 0.885089
56.pcd -0.277785 -0.290119 0.0401882 0.510106 -0.166716 0.103243 0.837459
57.pcd -0.228452 -0.250263 -0.0209362 0.586323 -0.149673 0.134328 0.784716
58.pcd -0.186162 -0.25996 0.0312114 0.661611 -0.129577 0.144632 0.724266
59.pcd -0.128386 -0.23424 0.0217776 0.728964 -0.122063 0.174374 0.65062
60.pcd -0.0880767 -0.230925 0.0310328 0.790322 -0.0931994 0.173923 0.580049
61.pcd -0.0683048 -0.233917 0.0326134 0.847522 -0.0880384 0.185415 0.489467
62.pcd -0.0256415 -0.246261 0.034927 0.892771 -0.0641379 0.192244 0.402354
63.pcd -0.0119022 -0.249313 0.0378016 0.927905 -0.0561835 0.197759 0.311011
64.pcd 0.0205145 -0.274095 -0.00149573 0.953788 -0.0377393 0.207047 0.214468
65.pcd 0.0269118 -0.298579 0.0349726 0.971588 -0.0175458 0.20223 0.121707
66.pcd 0.0642179 -0.336692 0.0255732 0.977201 -0.00279727 0.210948 0.0238945
67.pcd 0.0616857 -0.368859 0.00859862 0.976929 0.0154348 0.201917 -0.067831
