0.pcd -0.00241586 -0.0108627 -0.00510761 0.979415 -0.000525071 0.201854 0.00135179
1.pcd 0.788109 -0.118665 0.105091 0.978995 -0.0107645 0.203569 -0.00352081
2.pcd 0.316744 -0.0796994 0.517367 0.958776 -0.00378494 0.283931 0.0108699
3.pcd 0.363465 -0.00947192 -0.00736065 0.981035 0.000916608 0.193819 -0.00218911
4.pcd -0.733324 1.13269 1.57719 0.93646 0.0425461 0.341068 -0.070033
5.pcd -0.0767356 0.01075 0.153453 0.980309 0.000340304 0.197343 0.00707793
6.pcd -0.680824 1.09127 1.45291 0.940519 0.0400645 0.331166 -0.0644101
7.pcd -0.0882646 0.0100462 0.118479 0.979311 0.000115807 0.202243 0.0069499
8.pcd -0.71876 0.980048 1.45254 0.94575 0.0344706 0.317669 -0.058778
9.pcd -0.0955942 0.0210334 -0.0716323 0.980821 -0.0109839 0.194498 0.00637765
10.pcd -0.707904 1.01435 1.47351 0.943925 0.0386159 0.321687 -0.0634948
11.pcd -0.093665 0.0165994 -0.00656499 0.979979 -0.0049955 0.198917 0.00688043
12.pcd -0.734161 1.01915 1.46598 0.943027 0.0431791 0.323758 -0.0633689
13.pcd -0.0956038 0.014881 -0.0140676 0.979503 -0.000586349 0.201371 0.00486618
14.pcd -0.703175 1.00637 1.46425 0.942145 0.0449907 0.325765 -0.0649258
15.pcd -0.0929203 0.019987 -0.0179108 0.979456 -0.000558005 0.201603 0.0045747
16.pcd -0.699849 1.00406 1.46128 0.942816 0.0438229 0.324489 -0.0623242
17.pcd -0.0947253 0.0178977 -0.0174465 0.979455 5.10238e-06 0.201588 0.00552554
18.pcd -0.699146 0.99833 1.45326 0.9431 0.0431298 0.32357 -0.0632824
19.pcd -0.0929632 0.0153336 -0.0177547 0.979431 -0.000399444 0.201719 0.00503431
20.pcd -0.679523 0.994457 1.43577 0.944591 0.040576 0.32021 -0.0597197
21.pcd -0.0917002 0.0140614 -0.0114165 0.979402 0.000123942 0.201859 0.00493003
22.pcd -0.691206 0.989975 1.43468 0.944161 0.0417211 0.320818 -0.0624133
23.pcd -0.0938803 0.0163173 -0.00750373 0.979312 0.000817714 0.202289 0.00505976
24.pcd -0.740782 1.0057 1.4604 0.942855 0.0435565 0.324294 -0.0629396
25.pcd -0.0906901 0.016641 -0.0142141 0.979371 -0.000400766 0.20202 0.00456255
26.pcd -0.727121 1.00459 1.46242 0.942635 0.0433394 0.324949 -0.062997
27.pcd -0.0946944 0.0153349 -0.00733641 0.979335 0.000523381 0.202205 0.00403936
28.pcd -0.716085 0.996838 1.44796 0.943686 0.0426181 0.321944 -0.0631883
29.pcd -0.0907532 0.0139591 -0.0150556 0.979392 -0.000183483 0.201924 0.00433609
30.pcd -0.722716 0.999227 1.44966 0.943575 0.0410757 0.322813 -0.061401
31.pcd -0.0913504 0.0124583 -0.012821 0.979477 -2.36743e-06 0.201483 0.00537154
32.pcd -0.73746 1.00486 1.45918 0.942657 0.0431753 0.324947 -0.0627972
33.pcd -0.0917562 0.0174878 -0.0116993 0.979343 0.000278767 0.202148 0.00476714
34.pcd -0.740092 0.999183 1.46103 0.942501 0.042753 0.325408 -0.0630379
35.pcd -0.0899805 0.0176491 -0.00871489 0.979336 0.000454833 0.202182 0.00472996
36.pcd -0.737433 0.996638 1.46278 0.942433 0.0432727 0.325677 -0.0623112
37.pcd -0.0909257 0.0138374 -0.00978197 0.97938 3.94016e-05 0.201969 0.00482077
38.pcd -0.740528 1.00271 1.46387 0.942876 0.0430278 0.324577 -0.0615049
39.pcd -0.0931084 0.0109832 -0.00254985 0.979177 0.00055462 0.202964 0.00426821
40.pcd -0.737132 1.00636 1.46259 0.94275 0.043152 0.324777 -0.0622914
41.pcd -0.0942953 0.0197911 -0.0110092 0.979318 0.000579196 0.202255 0.00546987
42.pcd -0.739039 1.00537 1.46122 0.942739 0.0427096 0.324974 -0.0617384
43.pcd -0.0870882 0.0131334 -0.0105952 0.97941 0.000128111 0.201828 0.00452756
44.pcd -0.738113 1.00235 1.4588 0.942649 0.0427705 0.324863 -0.0636198
45.pcd -0.0890259 0.0134802 -0.00693819 0.979345 0.000399094 0.202136 0.0049182
46.pcd -0.735205 1.00057 1.45813 0.942643 0.0435875 0.325036 -0.0622598
47.pcd -0.0880515 0.0194752 -0.0140026 0.979413 0.00023672 0.201796 0.00533957
48.pcd -0.739895 1.00542 1.46206 0.94272 0.0430585 0.32494 -0.0619646
49.pcd -0.0860053 0.01482 -0.00837351 0.979457 0.000265333 0.201604 0.00438993
50.pcd -0.735848 1.00635 1.45877 0.94262 0.0422405 0.325141 -0.0629758
51.pcd -0.0867162 0.0142107 -0.00651951 0.979457 0.0007434 0.201594 0.00484611
52.pcd -0.736316 0.997795 1.46655 0.94277 0.0432526 0.324893 -0.0613104
53.pcd -0.0886329 0.0145545 -0.00514397 0.979248 0.000354205 0.202614 0.00450432
54.pcd -0.738533 1.00398 1.45902 0.942987 0.0427415 0.324346 -0.0612303
55.pcd -0.0870407 0.01392 -0.0064345 0.979383 0.000643157 0.201932 0.00566878
56.pcd -0.742998 1.00259 1.4615 0.942645 0.0432811 0.325021 -0.0625219
57.pcd -0.0857997 0.016103 -0.00654193 0.97949 0.000788858 0.201436 0.00471934
58.pcd -0.738617 0.998118 1.45944 0.942732 0.0428372 0.324789 -0.0627127
59.pcd -0.0850005 0.0167549 -0.00829621 0.979341 0.000126125 0.202154 0.00495031
60.pcd -0.736779 1.00381 1.4641 0.942639 0.0428067 0.325092 -0.0625678
61.pcd -0.0865639 0.0133171 -0.00762624 0.97925 0.000335024 0.202604 0.00463613
62.pcd -0.733795 1.00051 1.46213 0.942694 0.0430088 0.325068 -0.0617166
63.pcd -0.0854364 0.0156845 -0.010921 0.979467 0.000196484 0.201553 0.00446783
64.pcd -0.735014 1.00016 1.45951 0.942794 0.0427154 0.324826 -0.0616648
65.pcd -0.0817228 0.0188393 -0.0118189 0.979321 0.000101337 0.20226 0.00466163
66.pcd -0.732664 1.00104 1.46107 0.942937 0.0432717 0.324378 -0.0614478
67.pcd -0.0818614 0.0150181 -0.00985928 0.979426 0.000449272 0.201752 0.00466758
68.pcd -0.733377 1.00657 1.46122 0.942702 0.0431406 0.32502 -0.0617532
69.pcd -0.0805265 0.0156039 -0.012897 0.979426 0.000279922 0.201763 0.00398408
70.pcd -0.73619 0.993542 1.45778 0.942778 0.0426972 0.32472 -0.0624766
71.pcd -0.0817209 0.0146726 -0.00772207 0.979371 0.000372664 0.202005 0.00515463
72.pcd -0.734942 1.00707 1.45592 0.942931 0.0420609 0.324314 -0.0627027
73.pcd -0.0865217 0.0139489 -0.00514758 0.979173 0.000694157 0.202951 0.00545955
74.pcd -0.730896 1.00747 1.46068 0.942871 0.0427085 0.324701 -0.0611518
75.pcd -0.0827156 0.0170156 -0.00657825 0.979237 7.29783e-05 0.202667 0.00466544
76.pcd -0.734562 1.0079 1.4586 0.942799 0.0422791 0.324772 -0.0621774
77.pcd -0.0846201 0.0163945 -0.00886557 0.979307 4.91837e-05 0.202314 0.00508306
78.pcd -0.733996 0.997333 1.45704 0.942959 0.0426614 0.324278 -0.0620662
79.pcd -0.0824418 0.0150629 -0.0070648 0.979285 0.000876096 0.202426 0.0048318
80.pcd -0.736602 1.00459 1.4535 0.942884 0.0429665 0.324426 -0.0622271
81.pcd -0.0835213 0.0152327 -0.00943246 0.97932 0.000202816 0.202252 0.00507169
82.pcd -0.736168 1.00092 1.45742 0.942882 0.0429938 0.324297 -0.0628954
83.pcd -0.0843131 0.0143064 -0.0114159 0.979412 0.000149219 0.201796 0.00551374
84.pcd -0.735684 1.00178 1.459 0.942764 0.0429824 0.324721 -0.0624842
85.pcd -0.0819037 0.0148834 -0.00747088 0.979288 0.000796506 0.202406 0.00503059
86.pcd -0.734978 1.00342 1.45869 0.942515 0.0433348 0.325234 -0.0633368
87.pcd -0.0846078 0.0187435 -0.00745448 0.979272 3.41371e-05 0.202487 0.00501641
88.pcd -0.732967 1.00843 1.46406 0.942343 0.0430562 0.325733 -0.0635189
89.pcd -0.0845617 0.0145115 -0.00521088 0.979036 -0.000240584 0.203626 0.00493485
90.pcd -0.736125 1.00116 1.45556 0.942639 0.0431941 0.324893 -0.0633335
91.pcd -0.0820012 0.0175595 -0.0101387 0.979393 0.00070003 0.201898 0.00508603
92.pcd -0.735833 1.00683 1.45965 0.942489 0.0433983 0.325288 -0.0633911
93.pcd -0.0819358 0.0138854 -0.00488699 0.979255 0.000648425 0.202578 0.00461508
94.pcd -0.73679 1.00142 1.45778 0.942651 0.0430488 0.324858 -0.0634359
95.pcd -0.0867373 0.0157544 -0.0118563 0.979252 0.00016024 0.202587 0.00492393
96.pcd -0.7349 1.00394 1.45937 0.942619 0.0424655 0.325383 -0.0615834
97.pcd -0.0843272 0.0154766 -0.00231313 0.979169 0.000589343 0.202993 0.00469188
98.pcd -0.734126 1.00449 1.46121 0.942584 0.0423669 0.325349 -0.0623525
99.pcd -0.0839502 0.0166565 -0.00364063 0.979128 0.000162148 0.203186 0.00485997
100.pcd -0.737631 0.99997 1.45786 0.942506 0.0427072 0.325483 -0.0626096
101.pcd -0.0858888 0.0185032 -0.00879895 0.979433 0.000270007 0.201704 0.00514492
102.pcd -0.740119 1.00361 1.4581 0.94244 0.0425922 0.325554 -0.0632966
103.pcd -0.086188 0.0169385 -0.00239814 0.979138 0.000678219 0.203137 0.00491515
104.pcd -0.732761 1.01235 1.46032 0.94247 0.0429499 0.325433 -0.0632386
105.pcd -0.0857198 0.0167742 -0.00304436 0.979278 0.000311457 0.202454 0.00520036
106.pcd -0.739125 1.004 1.45858 0.942666 0.0427089 0.32498 -0.0628032
107.pcd -0.0862316 0.0159986 -0.00367788 0.97925 0.000330235 0.202604 0.00458212
108.pcd -0.734327 1.00224 1.45872 0.94297 0.0422977 0.324231 -0.0623854
109.pcd -0.084184 0.0188159 -0.00522816 0.979251 0.00054241 0.202592 0.00496804
110.pcd -0.735068 1.00985 1.46201 0.942522 0.0433729 0.325287 -0.0629282
111.pcd -0.0866148 0.0150797 -0.00275688 0.9792 0.000328262 0.20285 0.0044896
112.pcd -0.739897 1.00148 1.46041 0.942613 0.0418952 0.325321 -0.0623877
113.pcd -0.0797296 0.0191872 -0.00838035 0.979442 0.000838258 0.201665 0.00487801
114.pcd -0.736809 1.01059 1.46329 0.942566 0.0430571 0.325488 -0.0614317
115.pcd -0.085883 0.0191023 -0.0010335 0.979203 0.00055256 0.202818 0.00503864
116.pcd -0.737208 1.00452 1.45935 0.942688 0.0417894 0.32491 -0.0634531
117.pcd -0.0810577 0.0180934 -0.0073473 0.9794 0.00059863 0.201868 0.00500469
118.pcd -0.738024 1.00876 1.46166 0.942625 0.0428428 0.325094 -0.06274
119.pcd -0.083038 0.0151801 -0.00592903 0.9793 0.000348262 0.202351 0.00498963
120.pcd -0.735407 1.01076 1.46079 0.942614 0.0430295 0.32498 -0.0633707
121.pcd -0.0816466 0.015416 -0.00573487 0.979331 0.000497647 0.202213 0.00462087
122.pcd -0.73562 1.00781 1.45928 0.942589 0.0428822 0.325067 -0.0633889
123.pcd -0.0848221 0.0158064 -0.00550144 0.979432 0.000450816 0.201711 0.00501508
124.pcd -0.73715 1.00521 1.46047 0.942821 0.043011 0.324387 -0.0633377
125.pcd -0.0861963 0.017532 -0.00412861 0.979292 0.000306883 0.202396 0.00481616
126.pcd -0.735448 1.00469 1.46084 0.942572 0.0424702 0.32523 -0.0630806
127.pcd -0.0854396 0.0171936 -0.00554664 0.979314 0.000994936 0.202291 0.00451883
128.pcd -0.740129 1.00567 1.46007 0.942559 0.0420886 0.325279 -0.063287
129.pcd -0.0857328 0.0161179 -0.004046 0.979372 0.000669793 0.20201 0.00479197
130.pcd -0.73776 1.00674 1.46011 0.9427 0.0428416 0.324762 -0.0633367
131.pcd -0.0853767 0.0208638 -0.00461233 0.979371 0.000588815 0.202007 0.00493516
132.pcd -0.737185 1.00035 1.46232 0.942746 0.0424104 0.324753 -0.0629822
133.pcd -0.0858469 0.0202471 -0.00352023 0.979364 0.000609168 0.202036 0.00521442
134.pcd -0.737001 1.00198 1.46327 0.942417 0.0427177 0.325371 -0.0644953
135.pcd -0.0887593 0.0175767 -0.00130049 0.979218 0.000418101 0.202761 0.00442836
136.pcd -0.732368 1.00355 1.46127 0.942617 0.0433171 0.324932 -0.0633696
137.pcd -0.0852652 0.0147494 -0.00315039 0.97932 0.000254644 0.202259 0.0049309
138.pcd -0.735684 1.00852 1.46418 0.942227 0.0425315 0.326265 -0.0628476
139.pcd -0.0882122 0.0172637 -0.000459224 0.979205 0.00063101 0.202812 0.00491508
140.pcd -0.740932 1.00712 1.46077 0.942833 0.0429796 0.324555 -0.0623154
141.pcd -0.0829879 0.0158337 -0.00132146 0.979258 0.000506271 0.20257 0.00436385
142.pcd -0.737273 1.00335 1.46212 0.942689 0.0428899 0.324956 -0.0624558
143.pcd -0.0853849 0.0179981 -0.00325609 0.979228 0.000478713 0.202709 0.00459718
144.pcd -0.738801 1.00754 1.46277 0.942636 0.042953 0.325 -0.0629943
145.pcd -0.0836883 0.0164045 -0.0038752 0.97926 8.522e-05 0.202554 0.00474317
146.pcd -0.738385 1.0085 1.4638 0.942465 0.0424642 0.325338 -0.0641282
147.pcd -0.0840458 0.016631 -0.00271946 0.979199 0.000473631 0.202848 0.0046169
148.pcd -0.737056 1.00944 1.46441 0.942334 0.0436253 0.325708 -0.0633899
149.pcd -0.0865837 0.0170647 -0.00062491 0.979156 0.000628438 0.203054 0.0047683
150.pcd -0.737198 1.0112 1.45838 0.942673 0.042419 0.324982 -0.0628889
151.pcd -0.0866575 0.0170909 -0.00117092 0.979344 0.000957279 0.202135 0.00505985
152.pcd -0.734004 1.01052 1.46019 0.942622 0.0427062 0.324946 -0.0636362
153.pcd -0.0857906 0.0207924 -0.00283628 0.979317 0.000294627 0.202279 0.00459938
154.pcd -0.736212 1.00983 1.46594 0.94264 0.0424022 0.324949 -0.0635604
155.pcd -0.0866516 0.0187371 0.000993029 0.979213 0.0001519 0.202764 0.00539183
156.pcd -0.73559 1.00778 1.46536 0.94248 0.0427049 0.325422 -0.0633081
157.pcd -0.0854011 0.0187175 -0.0032274 0.97949 0.000711288 0.201443 0.00445739
158.pcd -0.735029 1.0053 1.46737 0.94265 0.0428103 0.325063 -0.062549
159.pcd -0.0854003 0.0181585 -0.000602511 0.979149 0.00102406 0.203084 0.00485346
160.pcd -0.737618 1.00021 1.45961 0.942427 0.04247 0.325601 -0.0633414
161.pcd -0.0842649 0.0170493 -0.00485034 0.979441 5.68594e-05 0.201692 0.00391328
162.pcd -0.738296 0.99829 1.4643 0.942494 0.0423108 0.325298 -0.0639962
163.pcd -0.0849432 0.0142531 0.0026163 0.979327 0.000216612 0.202228 0.00464081
164.pcd -0.739288 1.00755 1.4599 0.942774 0.0420485 0.324709 -0.0630292
165.pcd -0.0851586 0.0185803 0.000443419 0.979305 0.00069314 0.202315 0.00555116
166.pcd -0.738147 1.01329 1.46178 0.942543 0.0425132 0.325172 -0.063779
167.pcd -0.0848679 0.0127522 -0.00300326 0.979352 0.000311279 0.202115 0.00427321
168.pcd -0.740092 1.00521 1.46029 0.942935 0.0422446 0.324455 -0.0617848
169.pcd -0.0837157 0.015849 -0.00430966 0.979449 0.00117815 0.201628 0.00501006
170.pcd -0.740689 1.00297 1.46049 0.942826 0.0420767 0.324638 -0.0626066
171.pcd -0.0891466 0.0169556 -0.00511524 0.979247 0.000251207 0.202609 0.00506083
172.pcd -0.739615 1.00568 1.46071 0.942913 0.0420131 0.324498 -0.0620595
173.pcd -0.0840228 0.0145864 -0.00258491 0.979299 0.000779544 0.202362 0.00468135
174.pcd -0.740031 1.00799 1.46492 0.942591 0.0428809 0.325128 -0.06305
175.pcd -0.0884771 0.0140885 -0.000492091 0.979258 0.00019188 0.202557 0.00499542
176.pcd -0.740082 1.0094 1.4642 0.942643 0.0423653 0.325295 -0.0617421
177.pcd -0.0860892 0.0155089 -0.00348632 0.97947 0.00117582 0.201522 0.00505586
178.pcd -0.740384 1.00189 1.45902 0.942869 0.04171 0.324571 -0.0625477
179.pcd -0.0876187 0.0166819 -0.00244816 0.979371 0.000676314 0.202017 0.00452911
180.pcd -0.74 1.0037 1.45808 0.942805 0.0417356 0.324667 -0.0629989
181.pcd -0.085648 0.0141174 -0.00151647 0.979267 0.00107066 0.202508 0.00504739
182.pcd -0.741392 1.0063 1.45978 0.942863 0.0423727 0.324554 -0.0622788
183.pcd -0.0901809 0.0127809 -0.00118256 0.979276 0.000202735 0.202487 0.0041219
184.pcd -0.739916 1.00214 1.46014 0.942642 0.0425597 0.324994 -0.0631882
185.pcd -0.0865412 0.0127472 -0.00207559 0.979194 1.59246e-05 0.202878 0.00449887
186.pcd -0.741239 1.00482 1.46276 0.942958 0.0415229 0.324364 -0.0624051
187.pcd -0.0899618 0.0131113 -0.00402973 0.979353 3.02948e-05 0.202117 0.00418079
188.pcd -0.739718 1.01086 1.46375 0.942927 0.0424139 0.324211 -0.0630652
189.pcd -0.092745 0.0147817 0.000145033 0.979299 0.000178252 0.202358 0.00497961
190.pcd -0.740069 1.00208 1.46532 0.942704 0.0430368 0.32466 -0.0636632
191.pcd -0.0849964 0.0159125 -0.00191574 0.979326 0.000314082 0.20222 0.00528258
192.pcd -0.737673 1.00338 1.45983 0.942701 0.0422468 0.324814 -0.0634508
193.pcd -0.0881018 0.0146527 -0.00181803 0.979192 0.000105726 0.202869 0.00526129
194.pcd -0.742082 1.00644 1.46047 0.942792 0.0419898 0.324695 -0.0628665
195.pcd -0.0878675 0.014481 0.000270395 0.979318 0.000693752 0.20225 0.00557393
196.pcd -0.739696 1.00403 1.46358 0.942439 0.0427518 0.325382 -0.0640894
197.pcd -0.0894323 0.0119951 0.000417651 0.97931 0.000350601 0.20231 0.00479291
198.pcd -0.737954 1.00421 1.46686 0.942241 0.0427555 0.32603 -0.0637084
199.pcd -0.0889279 0.0125073 -0.00250057 0.979373 0.000151131 0.20201 0.0045665
200.pcd -0.741797 0.997663 1.46173 0.942802 0.0419384 0.3248 -0.0622181
201.pcd -0.0860823 0.0123387 -0.0032664 0.979288 0.000568361 0.202406 0.00510736
202.pcd -0.736943 1.00777 1.46013 0.942925 0.0419217 0.324312 -0.0629096
203.pcd -0.0906499 0.0104709 0.000268023 0.979223 0.000255884 0.202726 0.00491376
204.pcd -0.739913 0.998551 1.46452 0.942475 0.0421768 0.325599 -0.0628324
205.pcd -0.0872052 0.010646 -0.00211926 0.979382 0.00046631 0.20195 0.00515085
206.pcd -0.740155 1.00224 1.46051 0.942666 0.0422605 0.325101 -0.0624787
207.pcd -0.087826 0.0108475 -0.00412237 0.979238 1.64091e-05 0.202667 0.00431778
208.pcd -0.740807 1.0013 1.46112 0.942774 0.0424973 0.324652 -0.0630267
209.pcd -0.0866704 0.0131513 0.000420333 0.979312 0.000684413 0.202282 0.00550963
210.pcd -0.739394 1.00587 1.45919 0.942679 0.0424212 0.325067 -0.062364
211.pcd -0.0879019 0.0124788 0.00169764 0.9792 0.000648684 0.202836 0.00495378
212.pcd -0.738792 1.00449 1.46566 0.942589 0.0424724 0.325365 -0.0621273
213.pcd -0.0881136 0.0117339 0.00217485 0.979377 0.000689385 0.201988 0.00466148
214.pcd -0.739741 0.996724 1.45721 0.942796 0.0421169 0.324718 -0.0626117
215.pcd -0.0884628 0.0119475 -0.000419768 0.979236 0.000129029 0.202651 0.00545531
216.pcd -0.73742 1.00155 1.45899 0.942676 0.0421437 0.325066 -0.0625982
217.pcd -0.0875017 0.0129876 -0.0032936 0.979227 0.000526797 0.202711 0.00475746
218.pcd -0.738815 1.00199 1.45948 0.942931 0.0418772 0.324244 -0.0632004
219.pcd -0.0864713 0.0101879 -0.00361683 0.97942 0.000776766 0.201772 0.00490683
220.pcd -0.738191 1.00374 1.4633 0.942578 0.0426978 0.325298 -0.0624886
221.pcd -0.0831628 0.0122383 -0.000363427 0.979241 0.000269245 0.202643 0.00488984
222.pcd -0.738756 1.006 1.45681 0.942801 0.0420885 0.324596 -0.0631904
223.pcd -0.0851848 0.0125898 -0.00235077 0.979251 0.000116901 0.202586 0.00509971
224.pcd -0.738724 1.00267 1.46211 0.942939 0.0429142 0.324166 -0.0627781
225.pcd -0.0816566 0.00960471 -0.00268614 0.979301 0.000787285 0.202329 0.00558606
226.pcd -0.738444 0.999552 1.45708 0.942794 0.0422172 0.32458 -0.0632771
227.pcd -0.0832404 0.010793 -0.00233663 0.979268 0.000166746 0.202528 0.00408805
228.pcd -0.737436 0.999718 1.45972 0.942718 0.0422676 0.324822 -0.06315
229.pcd -0.0847373 0.0121597 -0.00265261 0.97923 0.000378432 0.202702 0.00442896
230.pcd -0.739025 1.0058 1.45593 0.942626 0.0422664 0.325 -0.0636034
231.pcd -0.0857558 0.0119957 -0.00460147 0.979337 0.00010361 0.202177 0.00492426
232.pcd -0.736095 0.998083 1.46041 0.94292 0.04191 0.324443 -0.0623001
233.pcd -0.0840368 0.0111192 -0.00222438 0.979104 -0.000242211 0.203302 0.00487327
234.pcd -0.738243 0.99956 1.46046 0.942669 0.0424541 0.324968 -0.0629959
235.pcd -0.0871842 0.00737655 -0.00331014 0.979262 0.000821442 0.202533 0.00498646
236.pcd -0.733513 1.00409 1.46084 0.942352 0.0428523 0.325696 -0.0636978
237.pcd -0.0838655 0.0103316 -0.00142005 0.979269 0.000126717 0.2025 0.00510498
238.pcd -0.736355 1.00288 1.46076 0.942646 0.0430759 0.324908 -0.0632267
239.pcd -0.0861962 0.0120235 -0.0042434 0.979223 0.000567238 0.202721 0.00502171
240.pcd -0.736559 0.996005 1.45881 0.943061 0.0420811 0.324069 -0.0619972
241.pcd -0.0861125 0.0126603 -0.00392522 0.979263 0.000312274 0.202526 0.00529229
242.pcd -0.736511 1.00413 1.45872 0.94277 0.0424762 0.324718 -0.0627579
243.pcd -0.0870827 0.0115319 -0.00264676 0.979158 0.000721416 0.203037 0.00502509
244.pcd -0.738169 1.0024 1.46012 0.942584 0.0426302 0.325125 -0.0633409
245.pcd -0.0860404 0.010962 -0.00519294 0.979219 -8.3839e-05 0.202753 0.00468976
246.pcd -0.736524 0.999501 1.45994 0.942312 0.0426502 0.326029 -0.0627199
247.pcd -0.0833517 0.0112 -0.00370758 0.979203 0.000404064 0.202825 0.00478701
248.pcd -0.737812 0.999882 1.46003 0.94261 0.0423823 0.324975 -0.0638866
249.pcd -0.0861943 0.0119163 -0.00460074 0.979307 9.22369e-05 0.202332 0.0045202
250.pcd -0.738389 1.00016 1.46246 0.942456 0.0427057 0.325379 -0.0638803
251.pcd -0.0843978 0.010278 -0.00294786 0.979321 0.000462104 0.202254 0.00492212
252.pcd -0.737703 0.998312 1.45821 0.9427 0.0421437 0.324961 -0.0627782
253.pcd -0.0817114 0.011818 -0.00345023 0.979333 0.000605837 0.202193 0.00498429
254.pcd -0.738078 1.00099 1.46181 0.942578 0.0426496 0.32489 -0.0646135
255.pcd -0.0832074 0.0050232 -0.0069502 0.979254 0.000240176 0.202582 0.00465424
256.pcd -0.734012 0.997219 1.45929 0.942579 0.0422339 0.325412 -0.0621982
257.pcd -0.0841143 0.0101073 -0.00540327 0.979421 0.000152334 0.20177 0.00475346
258.pcd -0.737991 0.997771 1.45555 0.942793 0.0423532 0.324669 -0.0627559
259.pcd -0.0825242 0.013714 -0.00184199 0.979167 0.000406874 0.202984 0.00549511
260.pcd -0.736078 0.998691 1.45713 0.942873 0.0424667 0.324384 -0.0629432
261.pcd -0.0797655 0.0110027 0.00100425 0.979201 0.000245457 0.202824 0.00520474
262.pcd -0.733791 1.00242 1.46098 0.942686 0.0428976 0.324755 -0.0635388
263.pcd -0.0847136 0.0106278 -0.00636558 0.979281 -0.000124205 0.202451 0.00469712
264.pcd -0.734792 0.996681 1.45932 0.942759 0.042586 0.324685 -0.0630265
265.pcd -0.0818073 0.0106899 -0.00529824 0.979278 -9.93548e-05 0.202463 0.00480548
266.pcd -0.73821 0.995119 1.46088 0.94271 0.0428347 0.324966 -0.0621344
267.pcd -0.0831582 0.0121861 -0.00474397 0.979271 0.000709306 0.202501 0.00455921
268.pcd -0.733954 0.998494 1.45832 0.942583 0.0420362 0.325267 -0.063029
269.pcd -0.0806167 0.0135891 -0.00848097 0.979405 0.000500416 0.201839 0.00519241
270.pcd -0.735262 0.994807 1.45297 0.942963 0.041644 0.324221 -0.0629822
271.pcd -0.0801446 0.0122386 -0.00707701 0.979217 1.33517e-05 0.20277 0.00428991
272.pcd -0.735937 0.995035 1.45565 0.942606 0.0420171 0.325051 -0.0637945
273.pcd -0.0829316 0.0120802 -0.0062475 0.979376 0.000257204 0.201989 0.00471571
274.pcd -0.737203 0.999415 1.45643 0.942733 0.0418329 0.324804 -0.063293
275.pcd -0.0832716 0.0112363 -0.00427107 0.979241 0.000496452 0.202629 0.00538947
276.pcd -0.731574 1.00224 1.46069 0.942564 0.0422988 0.325185 -0.0635439
277.pcd -0.0836855 0.00860031 -0.00192164 0.979152 0.000599461 0.203079 0.00453332
278.pcd -0.733339 1.00135 1.45776 0.942896 0.0424932 0.324465 -0.0621587
279.pcd -0.083354 0.0110348 -0.00485667 0.979107 -2.85019e-05 0.203302 0.00418643
