0.pcd -0.0221159 0.000575662 0.000799214 0.973867 0.00414753 0.22708 -0.00106503
1.pcd 0.518734 -0.142004 -0.0264311 0.970507 0.00207557 0.240851 0.0101631
2.pcd 1.01834 -0.0691334 -0.166623 0.970806 0.00311046 0.239786 0.0053285
3.pcd 1.43998 -0.121618 -0.511454 0.959063 0.0176966 0.279176 0.0441045
4.pcd 0.642808 -0.393574 -0.179278 0.978318 -0.00444278 0.203122 0.0402004
5.pcd 1.6036 -0.0490856 -0.622333 0.965452 0.0133349 0.259462 0.0201163
6.pcd 0.606701 -0.536821 -0.0659338 0.976723 -0.00249695 0.207133 0.0556912
7.pcd 1.62218 -0.0116447 -0.640482 0.964328 0.0121475 0.264268 0.00931341
8.pcd 0.541585 -0.775218 0.0281507 0.969564 -0.00959617 0.231032 0.0804858
9.pcd 1.64644 0.00945907 -0.582028 0.964388 0.0090891 0.263989 0.0135346
10.pcd 0.482173 -0.96871 0.0404995 0.965624 -0.0206749 0.232174 0.115053
11.pcd 1.69979 -0.0181827 -0.567901 0.963028 0.00557491 0.268784 0.0173614
12.pcd 0.461652 -1.09527 -0.0257448 0.960096 -0.0284632 0.243273 0.134998
13.pcd 1.84263 -0.149847 -0.634299 0.963413 0.00366165 0.267197 0.0206758
14.pcd 0.488462 -1.19775 -0.0930349 0.963123 -0.0296877 0.226802 0.141679
15.pcd 1.92474 -0.179799 -0.668729 0.964698 0.00494168 0.262243 0.0237218
16.pcd 0.49281 -1.21247 -0.194563 0.963232 -0.0373319 0.218445 0.151897
17.pcd 2.07562 -0.161087 -0.865531 0.962428 0.00552424 0.268872 0.037558
18.pcd 0.466456 -1.24161 -0.206297 0.961086 -0.0494889 0.213612 0.168031
19.pcd 2.21349 -0.15009 -0.871898 0.962024 0.0176657 0.267766 0.049996
20.pcd 0.413807 -1.23891 -0.106142 0.962642 -0.0440425 0.205122 0.17119
21.pcd 2.31108 -0.147436 -0.779276 0.963873 0.0131785 0.261857 0.046967
22.pcd 0.393849 -1.22986 -0.0738596 0.962108 -0.0413499 0.209267 0.16984
23.pcd 2.36106 -0.143601 -0.73264 0.960005 0.00820021 0.276173 0.045302
24.pcd 0.376972 -1.21922 -0.0219901 0.959224 -0.0352548 0.224165 0.168515
25.pcd 2.44365 -0.165059 -0.666614 0.953716 0.00570684 0.299397 0.0274701
26.pcd 0.350797 -1.22836 0.0280003 0.965926 -0.0268325 0.225588 0.124004
27.pcd 2.52029 -0.206773 -0.628063 0.945874 0.0234081 0.321826 -0.0346723
28.pcd 0.336505 -1.25946 0.000366407 0.969306 -0.00285178 0.238572 0.0593392
29.pcd 2.55829 -0.236555 -0.706361 0.94205 0.0309792 0.327876 -0.0638755
30.pcd 0.309871 -1.25135 -0.028997 0.972848 0.00262655 0.229984 0.025843
31.pcd 2.61628 -0.166172 -0.662673 0.924146 0.0378944 0.321811 -0.202374
32.pcd 0.221689 -1.31014 -0.0477083 0.968009 0.011405 0.229613 -0.100535
33.pcd 0.146137 -1.37145 0.0136674 0.952864 0.0443706 0.229248 -0.193718
34.pcd 0.0226954 -1.4306 0.0548564 0.932558 0.0703087 0.221394 -0.276365
35.pcd 2.63992 0.193506 -0.399658 0.819285 0.0978968 0.295671 -0.481422
36.pcd -0.00598702 -1.43611 0.0291417 0.925311 0.0731335 0.220908 -0.299418
37.pcd 2.66187 0.300764 -0.424603 0.796322 0.11491 0.311235 -0.505766
38.pcd -0.0669376 -1.4098 -0.0286785 0.919394 0.0671216 0.205806 -0.32841
39.pcd 2.93427 0.902905 -0.401372 0.738126 0.129665 0.28516 -0.597529
40.pcd -0.101136 -1.31961 -0.180711 0.919296 0.0716895 0.206137 -0.327511
41.pcd 3.03318 1.03149 -0.504821 0.731325 0.125601 0.275445 -0.611162
42.pcd -0.0991063 -1.28038 -0.196337 0.920506 0.0659371 0.197673 -0.330525
43.pcd 3.10927 1.14954 -0.571664 0.728997 0.112311 0.247955 -0.628067
44.pcd -0.102896 -1.23644 -0.227631 0.921447 0.0655291 0.202572 -0.324971
45.pcd 3.35295 1.48117 -0.690128 0.706947 0.0980139 0.220495 -0.664832
46.pcd -0.147223 -1.20812 -0.196658 0.922605 0.0637781 0.198783 -0.324373
47.pcd 3.58196 1.69751 -0.753507 0.687313 0.104042 0.215111 -0.685932
48.pcd -0.142773 -1.18957 -0.171352 0.923603 0.0647468 0.19964 -0.320796
49.pcd 3.71687 1.79776 -0.781534 0.679953 0.104789 0.210583 -0.694505
50.pcd -0.139089 -1.18122 -0.150153 0.922989 0.0653249 0.200823 -0.321705
51.pcd 4.02525 2.00532 -0.816923 0.655811 0.107893 0.204166 -0.718741
52.pcd -0.130449 -1.16653 -0.104627 0.922407 0.0688207 0.204606 -0.320257
53.pcd 4.37989 2.20079 -0.861746 0.618587 0.112386 0.196138 -0.752495
54.pcd -0.129604 -1.15848 -0.0586825 0.911926 0.0740817 0.206198 -0.346965
55.pcd 4.5728 2.31038 -0.889775 0.584199 0.111505 0.189344 -0.781298
56.pcd -0.134937 -1.15231 -0.0327765 0.900075 0.0801635 0.205223 -0.375929
57.pcd 4.79861 2.41629 -0.920633 0.541481 0.113083 0.177367 -0.813973
58.pcd 5.19487 2.6251 -1.08913 -0.455065 -0.12533 -0.137608 0.870788
59.pcd -0.230528 -1.25881 -0.0742869 0.846388 0.107492 0.188291 -0.486436
60.pcd 5.60252 2.81711 -1.2693 -0.372357 -0.112615 -0.0819341 0.917581
61.pcd -0.272589 -1.28211 -0.0943156 0.81982 0.114552 0.194792 -0.526146
62.pcd -0.358587 -1.32425 -0.135047 0.766638 0.13728 0.172329 -0.603095
63.pcd 7.07412 3.226 -2.22087 -0.081538 -0.0508266 0.0471267 0.994257
64.pcd 7.91279 3.49614 -2.59524 0.0415299 -0.000937388 0.0948509 0.994624
65.pcd 8.30712 3.70163 -2.93343 0.0837179 -0.0220878 0.108918 0.990273
66.pcd -0.819591 -1.39986 -0.508427 0.537356 0.157845 0.172046 -0.810391
67.pcd 9.34555 4.12917 -3.5303 0.168407 0.0505477 0.154719 0.972186
68.pcd 9.93833 4.32681 -3.79798 0.191724 0.00639168 0.192312 0.962402
69.pcd 10.5845 4.52329 -4.10432 0.238571 0.0153847 0.194339 0.951357
70.pcd -0.875788 -1.34901 -0.356969 -0.384249 -0.178784 -0.136415 0.895422
71.pcd 12.0586 4.95857 -4.88932 0.318577 -0.0304496 0.240323 0.91642
72.pcd -0.829883 -1.30308 -0.41868 -0.295977 -0.191658 -0.125546 0.92731
73.pcd 14.4119 5.80447 -6.48517 0.441727 0.0150325 0.294547 0.847286
74.pcd 15.2966 6.13897 -6.98529 0.458649 0.0110024 0.313176 0.831529
75.pcd 16.2378 6.43996 -7.54045 0.472044 0.00604236 0.320378 0.821277
76.pcd 17.2081 6.71124 -8.13546 0.484466 0.00568807 0.323119 0.812929
77.pcd 18.1955 6.99044 -8.82494 0.49938 -0.00518936 0.331787 0.800318
78.pcd 19.2034 7.32497 -9.52746 0.509106 -0.00419274 0.329969 0.79493
79.pcd -0.0321188 -1.49213 -0.437935 -0.159643 -0.175798 -0.0638557 0.969294
80.pcd 22.5512 8.3002 -11.5981 0.510691 -7.68991e-05 0.350034 0.785284
81.pcd 23.7313 8.61523 -12.4025 0.509768 -0.000639294 0.354299 0.78397
82.pcd 0.599797 -1.94127 -0.383199 -0.225339 -0.185645 -0.0685336 0.953971
83.pcd 27.5594 9.79557 -14.8981 0.52057 -0.0155647 0.344693 0.780994
84.pcd 0.924091 -2.3492 -0.249491 -0.258717 -0.211394 -0.0591664 0.940679
85.pcd 1.1528 -2.73501 0.0557492 -0.303744 -0.241178 -0.056572 0.919985
86.pcd 36.4063 12.5609 -20.7472 0.503377 -0.0499744 0.388137 0.770366
87.pcd 38.2636 13.212 -21.8304 0.503288 -0.0554595 0.388642 0.769794
88.pcd 1.15592 -3.10471 0.277356 -0.306771 -0.245636 -0.0110033 0.919475
89.pcd 0.693656 -3.40681 0.21902 -0.325056 -0.249907 -0.0140433 0.911969
90.pcd 0.232915 -3.02426 0.263873 -0.391189 -0.231194 -0.0117187 0.890721
91.pcd -0.0428881 -2.52076 0.230381 -0.431163 -0.21396 -0.0161304 0.87639
92.pcd 74.0002 27.4087 -43.7054 0.518879 -0.00767048 0.333265 0.787172
93.pcd -0.157607 -2.33044 0.252216 -0.451465 -0.212218 -0.019098 0.866475
94.pcd 76.481 28.4503 -45.2615 0.502027 -0.0238772 0.346892 0.791874
95.pcd -0.279253 -2.15521 0.237679 -0.467151 -0.21326 -0.0248619 0.857713
96.pcd 79.0761 29.3558 -46.8453 0.503478 -0.011446 0.330686 0.798139
97.pcd -0.383996 -1.98156 0.215651 -0.475333 -0.211451 -0.0242391 0.853674
98.pcd 81.6431 30.6686 -48.3027 0.523697 0.0161069 0.32268 0.788264
99.pcd -0.490341 -1.8036 0.161909 -0.488285 -0.212785 -0.0294889 0.845831
100.pcd 84.3457 32.0013 -49.9322 0.528451 0.00777353 0.338281 0.778617
101.pcd -0.613153 -1.61552 0.127483 -0.498952 -0.20001 -0.0361532 0.842458
102.pcd 87.0903 33.3267 -51.5616 0.533565 0.0410529 0.300007 0.789696
103.pcd -0.726271 -1.37362 0.0882641 0.510703 0.180071 0.0321328 -0.840074
104.pcd 89.9665 34.7926 -53.0195 0.545576 0.0729093 0.269916 0.790048
105.pcd -0.843517 -1.10866 -0.00401147 0.522976 0.186512 0.0432971 -0.830563
106.pcd 92.7154 36.0564 -54.6616 0.541086 0.0534185 0.284687 0.78951
107.pcd -0.950432 -0.846518 -0.122425 0.520698 0.204675 0.0577365 -0.82683
108.pcd 95.5326 37.2949 -56.4628 0.527486 0.0322656 0.291507 0.797334
109.pcd -1.05996 -0.56701 -0.228727 0.518772 0.219111 0.0674012 -0.823603
110.pcd 98.5974 38.5867 -58.3182 0.527541 0.0325658 0.298265 0.794782
111.pcd -1.19271 -0.270191 -0.291884 0.518859 0.218692 0.0824011 -0.822295
112.pcd 101.697 39.6089 -60.1622 0.535619 0.0525751 0.287681 0.792205
113.pcd -1.33898 0.0287738 -0.338364 0.512373 0.228777 0.0839081 -0.823465
114.pcd 104.816 40.8366 -61.9043 0.541788 0.0537258 0.294647 0.785343
115.pcd -1.50059 0.31821 -0.382289 0.515118 0.247879 0.0952652 -0.814944
116.pcd 107.897 41.8281 -63.7675 0.539226 0.0240775 0.325968 0.776144
117.pcd -1.62912 0.615842 -0.3709 0.515753 0.234743 0.0790749 -0.820147
118.pcd 111.317 42.7679 -65.7792 0.538064 0.052667 0.298762 0.786419
119.pcd -1.7376 0.914868 -0.347858 0.516537 0.23413 0.0729442 -0.820397
120.pcd 114.75 44.0499 -67.3273 0.532944 0.0684041 0.267062 0.799981
121.pcd -1.88245 1.21182 -0.446901 0.513143 0.245476 0.0883428 -0.817692
122.pcd 118.131 45.2123 -68.9963 0.530681 0.0347279 0.289624 0.795795
123.pcd -2.03903 1.51221 -0.488285 0.505784 0.2421 0.079117 -0.824203
124.pcd 129.048 48.2185 -74.1507 0.541845 0.0476246 0.209504 0.812554
125.pcd 132.916 49.1377 -76.0998 0.532287 0.015693 0.23048 0.814434
126.pcd 136.795 50.0678 -77.8854 0.535874 0.0334652 0.208829 0.817379
127.pcd -2.62017 3.0422 -0.81583 -0.455477 -0.293962 -0.0699057 0.837401
128.pcd 144.461 52.5573 -80.6495 0.534527 0.0756762 0.141789 0.829729
129.pcd -2.97024 3.66996 -0.919934 -0.427762 -0.308864 -0.0605712 0.847322
130.pcd 156.188 55.9737 -85.463 0.541827 0.0995429 0.122936 0.82547
131.pcd -3.60872 4.49031 -1.40921 -0.404801 -0.397826 -0.0285584 0.822834
132.pcd 163.92 57.7127 -88.6801 0.540891 0.123966 0.118389 0.82344
133.pcd -4.25435 5.01994 -1.80506 -0.407321 -0.460158 -0.0366039 0.788039
134.pcd -4.6571 5.32064 -2.04412 -0.409871 -0.461254 -0.024872 0.786531
135.pcd 176.125 60.3984 -93.8834 0.548868 0.134158 0.0885868 0.820304
136.pcd -5.54835 5.88606 -2.6281 -0.414381 -0.501603 -0.0369385 0.758498
137.pcd -6.07472 6.11775 -2.95564 -0.423292 -0.502535 -0.0299417 0.753251
138.pcd 188.14 62.8891 -99.2105 0.550962 0.148283 0.0999804 0.815142
139.pcd -7.16576 6.61489 -3.77416 -0.440855 -0.525234 -0.0348276 0.727024
140.pcd -7.79321 6.82505 -4.22043 -0.437433 -0.528126 -0.033005 0.72708
141.pcd -8.41305 7.01628 -4.70448 -0.439982 -0.532944 -0.0393849 0.721689
142.pcd 204.867 65.7143 -107.459 0.5536 0.15964 0.0596568 0.815159
143.pcd -9.75633 7.3097 -5.7784 -0.457489 -0.54869 -0.0201192 0.699456
144.pcd -10.5214 7.39984 -6.30716 -0.487219 -0.547105 -0.011835 0.680554
145.pcd -11.329 7.48228 -6.88205 0.523501 0.514905 -0.0110487 -0.678747
146.pcd -12.2182 7.57535 -7.50847 0.564986 0.488077 -0.0219542 -0.664898
147.pcd 226.923 67.5282 -118.018 0.418158 0.137372 -0.0397853 0.897045
148.pcd 231.409 67.6336 -119.559 0.378754 0.162865 -0.116458 0.90358
149.pcd -15.1999 7.71027 -9.60949 0.660449 0.415826 -0.066086 -0.621715
150.pcd -16.31 7.7499 -10.3795 0.697959 0.411524 -0.0699036 -0.581906
151.pcd -17.4959 7.73336 -11.275 0.730477 0.371964 -0.0876335 -0.56601
152.pcd -18.6936 7.74121 -12.2453 0.767786 0.34127 -0.085899 -0.535407
153.pcd -19.9654 7.76514 -13.2235 0.807069 0.312048 -0.0888661 -0.493324
154.pcd -21.2988 7.77321 -14.2072 0.832307 0.283771 -0.0972126 -0.466143
155.pcd -22.6808 7.81239 -15.251 0.855263 0.274155 -0.0933558 -0.429709
156.pcd -24.0708 7.81893 -16.2729 0.87535 0.259385 -0.0917236 -0.397577
157.pcd -25.4642 7.82572 -17.4083 0.888797 0.219214 -0.126896 -0.381946
158.pcd -26.8945 7.80256 -18.5763 0.910091 0.189099 -0.133306 -0.343811
159.pcd 279.718 65.4015 -144.845 0.0115869 -0.0743495 -0.375578 0.923731
160.pcd -28.3157 7.78091 -19.7148 0.93073 0.158038 -0.133988 -0.301351
161.pcd 289.651 63.9765 -149.878 -0.107348 -0.059028 -0.422158 0.898207
162.pcd 294.617 63.1328 -152.497 -0.181024 -0.0598851 -0.477354 0.857775
163.pcd -32.8654 7.78019 -23.6155 0.962316 0.0823118 -0.157061 -0.206166
164.pcd -34.6167 7.95233 -24.8784 0.977131 0.0611968 -0.13428 -0.1531
165.pcd -36.4388 8.16204 -26.1969 0.98348 0.0329354 -0.140931 -0.10872
166.pcd 310.293 61.3112 -160.563 -0.3253 -0.0876178 -0.55695 0.759151
167.pcd -38.3277 8.55075 -27.4502 0.98626 0.0255762 -0.160944 -0.027081
168.pcd 315.69 60.5603 -163.082 -0.338924 -0.13601 -0.594904 0.716045
169.pcd -40.2069 8.98188 -28.7978 0.984882 0.00665343 -0.165538 0.0505947
170.pcd 321.248 59.9892 -165.747 -0.393917 -0.1546 -0.623585 0.65732
171.pcd -44.2499 9.87679 -31.603 0.974247 -0.0451949 -0.165399 0.146436
172.pcd -46.4411 10.2268 -33.0699 0.967912 -0.0453274 -0.136294 0.206192
173.pcd -48.5512 10.6776 -34.6381 0.958449 -0.092659 -0.0636154 0.262188
174.pcd -50.7227 10.9861 -36.1624 0.940051 -0.13744 -0.000361899 0.312113
175.pcd 353.081 55.6184 -181.173 0.627752 0.29071 0.556311 -0.460361
176.pcd -53.0321 11.3019 -37.7039 0.915096 -0.165751 0.0300221 0.366366
177.pcd -55.2919 11.685 -39.4206 0.893288 -0.206549 0.0150229 0.398935
178.pcd 377.313 47.6214 -189.264 0.640308 0.326198 0.612125 -0.330007
179.pcd 384.69 45.5685 -193.361 0.628555 0.349355 0.601056 -0.348715
180.pcd -62.228 12.7169 -44.6203 0.856224 -0.236965 0.0631709 0.454685
181.pcd -64.4398 13.0523 -46.4799 0.851821 -0.180602 0.0666817 0.487173
182.pcd 402.817 43.2406 -202.961 0.537543 -0.363151 0.172404 0.741247
183.pcd 410.153 42.0775 -206.247 0.495175 -0.454302 0.288091 0.682213
184.pcd -68.5777 13.5966 -50.1188 0.851893 -0.140881 -0.0600809 0.500821
185.pcd 416.942 40.7864 -208.52 0.485943 -0.469863 0.321991 0.66288
186.pcd 424.441 40.0105 -210.973 0.542319 -0.412288 0.298419 0.668473
187.pcd -73.3001 14.0922 -53.9021 0.852361 -0.0905012 -0.142643 0.494917
188.pcd 423.072 39.0069 -211.88 0.527556 -0.458694 0.317981 0.640447
189.pcd 429.887 38.0203 -214.499 0.579016 -0.370119 0.249205 0.682385
190.pcd -78.134 13.8918 -57.5404 0.833598 -0.0331505 -0.313104 0.453852
191.pcd 441.906 52.366 -213.475 0.656518 -0.283988 0.224218 0.661861
192.pcd -80.6586 13.558 -59.2652 0.838798 -0.00622884 -0.318425 0.44157
193.pcd 448.109 52.8745 -214.332 0.681288 -0.271236 0.252523 0.631277
194.pcd 449.626 50.3877 -216.155 0.712021 -0.254276 0.25557 0.602539
195.pcd -85.5981 12.9112 -62.8794 0.823381 0.04367 -0.320838 0.466046
196.pcd 455.475 49.4559 -217.448 0.745712 -0.230566 0.281669 0.558046
197.pcd -87.9679 12.431 -64.6942 0.817089 0.087952 -0.30452 0.481558
198.pcd 465.004 47.7674 -219.137 0.837079 -0.120681 0.278431 0.455205
199.pcd -90.4733 11.6393 -66.461 0.785612 0.171814 -0.337959 0.488955
200.pcd 467.97 48.7457 -218.58 0.873395 -0.071131 0.250923 0.41129
201.pcd -93.0921 10.5187 -68.192 0.765533 0.221433 -0.388705 0.462423
202.pcd 473.143 47.9898 -218.346 0.882345 -0.0523833 0.235638 0.403977
203.pcd -95.5979 9.25052 -69.9499 0.778274 0.233543 -0.385321 0.437349
204.pcd 477.501 48.2172 -217.666 0.888778 -0.0342189 0.206177 0.407913
205.pcd -98.2598 7.77713 -71.7402 0.740466 0.282061 -0.376095 0.480317
206.pcd 483.454 47.617 -216.711 0.902308 -0.0096066 0.165678 0.397868
207.pcd -101.101 6.07068 -73.7836 0.701782 0.324743 -0.415981 0.478543
208.pcd -103.992 3.99666 -75.7727 0.648438 0.361118 -0.439462 0.505959
209.pcd 495.54 43.0233 -217.819 0.920989 0.0656237 0.161141 0.348579
210.pcd 501.219 41.7422 -216.852 0.918728 0.0683084 0.174628 0.347532
211.pcd 506.668 40.215 -216.062 0.909503 0.0182347 0.158896 0.383698
212.pcd 512.315 38.3719 -215.193 0.909429 -0.00256793 0.129314 0.395235
213.pcd 516.121 38.6367 -212.999 0.915441 -0.00348214 0.127946 0.381556
214.pcd 521.219 35.5048 -213.465 0.917166 -0.0167375 0.125068 0.378
215.pcd 525.689 33.6885 -212.753 0.917729 -0.035342 0.114921 0.378572
216.pcd -124.322 -10.1311 -92.4199 0.513846 0.337604 -0.40293 0.677963
217.pcd -126.855 -13.0617 -95.0626 0.493743 0.342728 -0.396041 0.694195
218.pcd -129.545 -15.502 -97.7383 0.468852 0.342062 -0.38204 0.719178
219.pcd -132.191 -18.2359 -100.502 0.445076 0.340982 -0.368722 0.741406
220.pcd 546.215 24.0699 -207.844 0.912425 -0.139969 0.0449746 0.381925
221.pcd 549.685 22.4513 -206.423 0.914278 -0.147056 0.0376726 0.375566
222.pcd 552.759 20.0045 -206.261 0.916337 -0.153088 0.0295011 0.368809
223.pcd 555.432 18.8956 -204.958 0.915424 -0.168951 0.0190995 0.364816
224.pcd 559.636 14.0147 -205.368 0.927818 -0.13832 0.0238493 0.345619
225.pcd 562.449 13.0421 -202.951 0.934008 -0.130243 0.0234867 0.331833
226.pcd 564.391 11.4184 -202.517 0.934799 -0.141277 0.0152094 0.325517
227.pcd 567.592 7.4448 -202.233 0.932738 -0.158355 0.00418027 0.323891
228.pcd 569.095 5.64561 -202.127 0.927367 -0.187732 -0.0102807 0.323484
229.pcd 571.336 3.39828 -200.869 0.935289 -0.172496 -0.0111004 0.308798
230.pcd 573.56 0.893554 -199.516 0.940376 -0.165124 -0.0142087 0.297029
231.pcd 575.178 -1.19663 -198.535 0.944159 -0.162389 -0.0188878 0.286073
232.pcd 576.473 -3.14197 -197.672 0.947264 -0.161815 -0.0235678 0.275593
233.pcd 578.748 -5.64801 -194.362 0.951318 -0.155994 -0.0252496 0.264619
234.pcd 579.723 -7.69247 -193.332 0.951634 -0.165482 -0.0316861 0.256912
235.pcd 581.088 -10.3511 -191.64 0.953731 -0.166513 -0.036053 0.247731
236.pcd 581.93 -13.0412 -190.773 0.943481 -0.211983 -0.0484099 0.250127
237.pcd 582.244 -14.8444 -189.994 0.936364 -0.242406 -0.0577222 0.247245
238.pcd 582.913 -17.7241 -188.797 0.928754 -0.270583 -0.0666661 0.244453
239.pcd 583.335 -20.6214 -187.805 0.926723 -0.281506 -0.0734115 0.237803
240.pcd 584.055 -24.13 -185.369 0.922445 -0.297405 -0.0797124 0.233005
241.pcd 583.675 -25.7408 -184.269 0.912176 -0.328362 -0.0879178 0.228876
242.pcd 583.43 -27.7444 -181.973 0.908756 -0.340762 -0.0938909 0.221875
243.pcd 582.762 -29.7699 -181.063 0.902633 -0.358617 -0.101128 0.215454
244.pcd 582.25 -32.7055 -179.661 0.89207 -0.384783 -0.108464 0.210689
245.pcd 581.291 -35.1229 -178.831 0.896092 -0.378926 -0.114794 0.20064
246.pcd 580.077 -37.032 -177.873 0.870793 -0.433052 -0.121909 0.198305
247.pcd 578.585 -38.5831 -176.991 0.848476 -0.475514 -0.128287 0.193695
248.pcd 576.962 -40.482 -176.398 0.816566 -0.52832 -0.134291 0.189905
249.pcd 575.137 -42.1321 -175.947 0.793608 -0.562691 -0.140315 0.184057
250.pcd 573.027 -43.3392 -175.276 0.767772 -0.598182 -0.145433 0.177633
251.pcd 570.786 -44.621 -174.933 0.718871 -0.657182 -0.147755 0.17177
252.pcd 568.315 -45.6858 -174.775 0.676119 -0.702157 -0.150618 0.164778
253.pcd 565.753 -47.5856 -174.678 0.646318 -0.730096 -0.155464 0.158317
254.pcd 562.985 -49.0452 -175.307 0.602812 -0.767541 -0.157996 0.15012
255.pcd 559.777 -50.1231 -175.739 0.612935 -0.757852 -0.170171 0.144958
256.pcd 556.529 -50.9971 -176.237 0.589263 -0.776724 -0.174882 0.137421
257.pcd -205.419 -174.073 -260.59 0.179859 0.252078 -0.255065 0.915996
258.pcd 553.203 -52.3691 -177.108 0.569061 -0.791426 -0.181025 0.130555
259.pcd -206.716 -179.29 -265.967 0.182265 0.252897 -0.257658 0.914568
260.pcd 549.652 -54.1061 -177.982 0.57936 -0.781337 -0.194165 0.127103
261.pcd -207.926 -184.582 -271.391 0.185004 0.254623 -0.260329 0.912781
262.pcd -209.271 -190.087 -277.131 0.183805 0.255709 -0.26326 0.911879
263.pcd -209.773 -195.821 -282.672 0.172174 0.249079 -0.258421 0.917352
264.pcd 542.051 -57.0442 -180.19 0.57301 -0.782944 -0.212404 0.11637
265.pcd -210.3 -201.89 -288.539 0.159617 0.241807 -0.254286 0.922708
266.pcd 538.04 -58.6852 -181.811 0.564732 -0.787597 -0.220566 0.110087
267.pcd -210.444 -208.11 -294.357 0.139242 0.227895 -0.245691 0.931832
268.pcd -211.117 -214.071 -300.268 0.129896 0.219358 -0.242098 0.936161
269.pcd 528.925 -62.0999 -185.941 0.532609 -0.807369 -0.235557 0.0948421
270.pcd 523.029 -57.4071 -188.641 0.522313 -0.814089 -0.239264 0.084861
271.pcd -212.605 -232.548 -318.167 0.126121 0.218138 -0.246635 0.935778
272.pcd -213.131 -238.805 -324.301 0.125299 0.218267 -0.248696 0.935313
273.pcd -213.493 -245.326 -330.453 0.125106 0.219612 -0.25144 0.93429
274.pcd -214.138 -251.863 -336.85 0.1264 0.221288 -0.254479 0.932896
275.pcd -213.966 -258.558 -342.906 0.120467 0.218396 -0.254807 0.934272
276.pcd -213.791 -265.178 -348.999 0.109994 0.210841 -0.252031 0.938045
277.pcd -213.747 -271.784 -355.144 0.0983442 0.198687 -0.248131 0.943018
278.pcd -213.527 -278.53 -361.347 0.0981837 0.200901 -0.250285 0.941996
279.pcd -213.903 -285.544 -368.226 0.0962087 0.201466 -0.252747 0.941421
280.pcd -213.285 -292.583 -374.517 0.0964784 0.204831 -0.254902 0.940086
281.pcd -213.203 -299.562 -381.114 0.0912702 0.200603 -0.254727 0.941564
282.pcd -212.616 -306.565 -387.39 0.0905045 0.202853 -0.256132 0.940774
283.pcd -211.538 -313.797 -393.675 0.0687955 0.182555 -0.248804 0.948703
284.pcd 436.933 -90.7191 -234.877 0.632524 -0.627338 -0.450433 0.0589075
285.pcd -210.521 -328.552 -407.399 0.056069 0.173992 -0.249156 0.951054
286.pcd -209.959 -335.987 -414.337 0.0549391 0.174896 -0.251582 0.950315
287.pcd -209.306 -343.618 -421.525 0.0510447 0.17427 -0.254916 0.949759
288.pcd -208.345 -351.359 -428.726 0.0427894 0.167043 -0.254981 0.951446
289.pcd -207.28 -359.142 -435.829 0.0351634 0.159169 -0.253701 0.953449
290.pcd -206.233 -366.897 -442.922 0.0320279 0.159465 -0.254617 0.953266
291.pcd -205.448 -374.281 -449.492 0.0364344 0.17222 -0.260126 0.949393
292.pcd -204.932 -382.102 -456.856 0.0431422 0.182158 -0.263782 0.946243
293.pcd -204.262 -390.023 -464.331 0.0493419 0.193853 -0.267806 0.942479
294.pcd -203.13 -397.973 -471.425 0.0356943 0.193414 -0.280126 0.939599
295.pcd -202.757 -404.064 -475.597 0.0306819 0.188433 -0.276274 0.941926
296.pcd -201.58 -411.779 -482.43 0.0131538 0.1682 -0.271207 0.947619
297.pcd -200.172 -419.503 -489.023 0.000630988 0.155619 -0.267886 0.950799
298.pcd -198.679 -427.307 -495.955 -0.00784447 0.150522 -0.266318 0.952027
299.pcd -197.39 -435.236 -503.068 -0.00697786 0.156836 -0.267242 0.950755
300.pcd -196.121 -443.156 -510.109 -0.00549459 0.163452 -0.267724 0.949514
301.pcd -194.908 -451.167 -517.146 -0.00525695 0.167306 -0.267883 0.948799
302.pcd -193.073 -459.242 -523.791 -0.0187329 0.152835 -0.264035 0.952143
303.pcd 310.694 -166.363 -360.928 0.642428 -0.509389 -0.520281 0.238991
304.pcd -191.384 -467.233 -530.636 -0.020995 0.154216 -0.263258 0.952088
305.pcd -187.794 -485.01 -546.394 -0.0138739 0.170743 -0.264748 0.94898
306.pcd -186.324 -493.278 -553.72 -0.0132822 0.175426 -0.264926 0.948084
307.pcd 282.095 -181.203 -412.128 0.645401 -0.39071 -0.600976 0.263875
308.pcd -184.431 -501.562 -560.91 0.00587761 0.208884 -0.267063 0.94075
309.pcd 260.347 -200.365 -424.042 0.648691 -0.331507 -0.623627 0.283535
310.pcd 245.129 -211.688 -421.183 0.658105 -0.273001 -0.637634 0.2929
311.pcd 229.151 -221.476 -439.974 0.656736 -0.206671 -0.663423 0.293009
312.pcd 221.983 -225.601 -451.478 0.653777 -0.175573 -0.676039 0.291069
313.pcd 219.084 -217.917 -469.395 0.648847 -0.140864 -0.694745 0.276557
314.pcd 211.266 -222.369 -482.475 0.643571 -0.107409 -0.706151 0.27501
315.pcd 206.807 -232.151 -496.423 0.633978 -0.0436413 -0.723757 0.268967
316.pcd 199.858 -233.335 -507.854 0.627488 -0.183339 -0.690009 0.310699
317.pcd 191.851 -232.686 -517.574 0.601761 -0.354153 -0.622703 0.353129
318.pcd 182.657 -238.709 -524.326 0.560271 -0.49091 -0.544003 0.386219
319.pcd 173.219 -238.449 -531.714 -0.497727 0.62911 0.436626 -0.407243
320.pcd 166.143 -247.798 -540.629 -0.412656 0.743119 0.320031 -0.418412
321.pcd 157.047 -253.804 -556.396 -0.275085 0.860533 0.140473 -0.405066
322.pcd 145.002 -261.244 -557.548 -0.190481 0.89605 0.0448212 -0.3985
323.pcd 121.155 -277.974 -599.601 0.247185 0.841288 -0.431866 -0.211249
324.pcd 116.656 -270.911 -620.916 0.341587 0.757777 -0.53762 -0.14162
325.pcd 111.619 -271.355 -636.272 0.408719 0.679007 -0.602266 -0.0957786
326.pcd 108.493 -277.619 -651.134 -0.497938 -0.537775 0.680334 0.001494
327.pcd 105.608 -290.097 -663.425 0.567485 0.370372 -0.728826 0.0979742
328.pcd 102.332 -296.678 -678.001 0.611435 0.171998 -0.746829 0.197005
329.pcd 97.1283 -299.802 -688.03 0.627429 -0.0663258 -0.715783 0.299313
330.pcd 92.2415 -303.99 -697.301 0.609973 -0.228926 -0.670732 0.354465
331.pcd -92.0908 -802.604 -854.325 0.528682 0.792501 0.0208421 -0.303321
332.pcd -96.16 -812.667 -866.751 0.522348 0.849695 -0.0570646 -0.0437456
333.pcd 87.7021 -306.482 -706.481 0.569832 -0.399586 -0.595115 0.401822
334.pcd -92.6253 -824.111 -883.875 0.48185 0.853257 -0.111323 0.165471
335.pcd 85.9792 -303.704 -719.353 0.525493 -0.505808 -0.543796 0.415091
336.pcd 82.8438 -308.536 -731.822 -0.434921 0.673386 0.408372 -0.43661
337.pcd -94.6797 -833.949 -898.208 0.430301 0.830603 -0.147626 0.321163
338.pcd 67.7979 -319.118 -741.801 -0.197957 0.879483 0.0801243 -0.425326
339.pcd 62.9999 -316.594 -749.831 -0.0810266 0.912937 -0.073098 -0.393241
340.pcd 59.7875 -328.925 -780.724 0.295079 0.786665 -0.505725 -0.195779
341.pcd 57.556 -345.312 -776.187 0.409188 0.673122 -0.605764 -0.111901
342.pcd 57.7792 -350.413 -788.919 0.531108 0.480184 -0.698034 0.00983747
343.pcd 58.5471 -353.987 -798.222 0.128563 0.891832 0.128854 -0.414131
344.pcd -31.4298 -923.55 -1035.52 0.508177 0.667498 0.0932234 -0.536202
345.pcd 68.154 -362.203 -811.112 0.225574 0.916396 -0.0296974 -0.32932
346.pcd 70.3461 -363.686 -822.842 0.324386 0.905195 -0.169848 -0.21575
347.pcd -10.3971 -943.281 -1064.47 0.521926 0.851438 -0.0457656 -0.0234814
348.pcd -3.04883 -962.756 -1093.47 0.368615 0.768128 -0.173976 0.493796
349.pcd 73.7638 -366.074 -833.187 0.392096 0.871491 -0.258209 -0.141748
350.pcd 3.66024 -970.98 -1118.14 0.268477 0.667169 -0.211648 0.661823
351.pcd 4.98072 -979.708 -1140.73 0.166006 0.545023 -0.235115 0.787472
352.pcd 82.2045 -373.536 -854.402 0.560141 0.547396 -0.572003 0.243747
353.pcd 87.4429 -375.818 -864.992 0.570762 0.452726 -0.614664 0.302419
354.pcd 94.3069 -377.219 -881.065 0.57018 0.265583 -0.668995 0.395987
355.pcd 18.3951 -992.318 -1168.94 -0.0583654 0.234022 -0.245144 0.939006
356.pcd 14.6882 -1004.11 -1186.27 -0.161856 0.0635306 -0.236055 0.956057
357.pcd 109.196 -381.503 -907.113 0.532555 0.0562938 -0.700579 0.471599
358.pcd 23.2161 -1007.18 -1194.74 -0.270462 -0.118099 -0.21457 0.931055
359.pcd 118.617 -377.277 -927.148 -0.463058 0.16928 0.698869 -0.518173
360.pcd 135.243 -379.329 -948.813 -0.375291 0.357501 0.662071 -0.541307
361.pcd 139.452 -374.403 -957.661 -0.327645 0.444866 0.632093 -0.543324
362.pcd 147.255 -372.063 -968.38 -0.258562 0.562948 0.572436 -0.53717
363.pcd 40.0516 -1050.71 -1280.72 0.515677 0.849452 -0.0213015 -0.109794
364.pcd 165.578 -367.912 -990.199 -0.108771 0.744543 0.43429 -0.495194
365.pcd 178.799 -363.952 -1006.57 -0.0366106 0.81229 0.358444 -0.458653
366.pcd 191.301 -361.658 -1018.95 0.0815606 0.902633 0.198861 -0.372903
367.pcd 202.225 -360.876 -1027.04 0.210267 0.945477 -0.000680295 -0.248719
368.pcd 212.459 -356.843 -1037.67 0.331923 0.91197 -0.22462 -0.0876621
369.pcd 63.5465 -1088.62 -1385.28 -0.178936 -0.00752244 -0.268125 0.946591
370.pcd 227.368 -319.063 -1081.9 -0.489022 -0.444714 0.678221 -0.321098
371.pcd 240.906 -311.8 -1094.34 -0.454584 -0.0966018 0.761187 -0.452345
372.pcd 253.243 -300.353 -1113.4 -0.427495 0.0234849 0.768585 -0.475367
373.pcd 264.04 -293.284 -1125.93 -0.368047 0.226912 0.748949 -0.502124
374.pcd 278.88 -274.278 -1148.49 -0.215535 0.579252 0.616391 -0.487928
375.pcd 294.979 -267.252 -1165.55 -0.122818 0.724516 0.511225 -0.445691
376.pcd 308.214 -259.825 -1176.96 -4.60179e-05 0.863066 0.34442 -0.36945
377.pcd 318.677 -262.473 -1179.14 0.105531 0.932483 0.187943 -0.289855
378.pcd 335.886 -253.132 -1195.32 0.234053 0.957462 -0.0364481 -0.164795
379.pcd 102.485 -1151.4 -1569.57 -0.194023 0.148527 0.168688 0.954903
380.pcd 355.343 -248.861 -1208.03 0.345749 0.900107 -0.264073 -0.023016
381.pcd 370.515 -247.489 -1213.8 0.426793 0.773537 -0.454841 0.112283
382.pcd 371.55 -240.588 -1213.38 -0.477632 -0.581872 0.614013 -0.237235
383.pcd 108.913 -1164.44 -1615.72 0.792653 0.330426 -0.0545272 -0.509458
384.pcd 378.267 -233.611 -1217.65 -0.488851 -0.334017 0.727158 -0.347416
385.pcd 110.916 -1169.25 -1631.38 0.878285 0.456445 -0.0623183 -0.128023
386.pcd 386.978 -225.661 -1224.28 -0.462368 -0.0847 0.774303 -0.423671
387.pcd 115.072 -1177.67 -1648.13 0.859203 0.504193 -0.00855097 0.0865219
388.pcd 394.414 -216.481 -1231.53 -0.3936 0.19728 0.763964 -0.471718
389.pcd 133.106 -1180.23 -1674.03 0.742458 0.554829 0.0975958 0.362485
390.pcd 401.444 -205.248 -1240.94 -0.27082 0.496102 0.67208 -0.478381
391.pcd 139.696 -1194.52 -1697.82 0.640062 0.55642 0.142776 0.510228
392.pcd 411.203 -194.497 -1252.13 -0.129299 0.725893 0.516779 -0.435087
393.pcd 144.792 -1200.75 -1715.15 0.569193 0.556971 0.20072 0.570539
394.pcd 423.465 -185.073 -1264.96 0.026676 0.884681 0.307966 -0.348977
395.pcd 153.119 -1204.74 -1733 0.482089 0.546711 0.255989 0.634955
396.pcd 436.48 -179.064 -1275.29 0.164834 0.951843 0.0952701 -0.240308
397.pcd 178.125 -1216.72 -1783.17 0.491506 0.548818 0.43304 0.519324
398.pcd 459.896 -167.01 -1293.14 0.36296 0.891984 -0.269487 -0.00100045
399.pcd 185.573 -1221.16 -1802.53 0.47236 0.539323 0.509853 0.475454
400.pcd 470.104 -166.76 -1297.02 0.440188 0.754536 -0.466249 0.139718
401.pcd 193.427 -1223.89 -1822.13 0.510996 0.497113 0.604103 0.35612
402.pcd 485.464 -150.966 -1307.56 -0.432334 0.00940429 0.77745 -0.456696
403.pcd 488.179 -147.337 -1307.68 -0.305256 0.361999 0.729446 -0.493644
404.pcd 493.494 -134.481 -1324.64 -0.132015 0.665823 0.577041 -0.454176
405.pcd 503.75 -129.215 -1337.07 0.0378629 0.857305 0.367089 -0.358944
406.pcd 515.917 -125.518 -1352.37 0.223531 0.948954 0.082186 -0.2068
407.pcd 531.407 -127.236 -1365.77 0.35501 0.918521 -0.16872 -0.0426749
408.pcd 536.885 -125.687 -1373.36 0.453702 0.772733 -0.424017 0.131331
409.pcd 545.445 -119.471 -1387.37 -0.492189 -0.521791 0.632381 -0.292537
410.pcd 560.431 -115.562 -1402.7 -0.472347 -0.234817 0.746075 -0.406352
411.pcd 575.614 -114.324 -1414.93 -0.390604 0.102316 0.780514 -0.47724
412.pcd 605.001 -99.4561 -1459.68 0.140138 0.901704 0.267483 -0.309425
413.pcd 313.567 -1283.69 -2171.06 0.6684 -0.457988 -0.519929 0.270487
414.pcd 614.943 -94.6385 -1475.59 0.177456 0.942564 0.184255 -0.214787
415.pcd 324.026 -1272.95 -2188.99 0.729117 -0.378394 -0.518438 0.237546
416.pcd 633.212 -102.615 -1488.8 0.218486 0.965018 0.0934244 -0.110799
417.pcd 645.99 -99.4891 -1507.16 0.259298 0.965075 -0.0275292 0.025225
418.pcd 326.176 -1282.54 -2217.32 0.828846 -0.248129 -0.45863 0.202742
419.pcd 632.327 -105.955 -1509.81 0.289872 0.941205 -0.122837 0.122546
420.pcd 348.817 -1266.18 -2253.37 0.915645 -0.127759 -0.327459 0.195046
421.pcd 656.662 -83.0606 -1607.48 0.30658 0.583454 -0.467654 0.588973
422.pcd 664.445 -80.4546 -1624.66 0.440822 0.69583 -0.156341 0.545026
423.pcd 378.565 -1250.46 -2319.79 0.636802 -0.214044 0.355443 0.649868
424.pcd 386.279 -1244.6 -2336.83 0.503727 -0.208987 0.491169 0.679218
425.pcd 389.121 -1237.33 -2357.92 0.269893 -0.1857 0.628268 0.705658
426.pcd 679.365 -78.2511 -1650.51 0.458035 0.485622 0.743216 -0.0447756
427.pcd 389.534 -1231.2 -2377.51 0.0264562 -0.147286 0.719359 0.678329
428.pcd 691.832 -73.339 -1660.35 0.262792 0.177095 0.892555 -0.320817
429.pcd 397.488 -1225.99 -2395.2 -0.150768 -0.125012 0.767072 0.610935
430.pcd 703.776 -66.5413 -1675.37 -0.0102957 -0.20847 0.817138 -0.537326
431.pcd 407.859 -1219.57 -2414.4 -0.337036 -0.0914428 0.781904 0.516403
432.pcd 413.024 -1214.14 -2433.9 -0.484639 -0.0737021 0.769037 0.410214
433.pcd 418.258 -1208.68 -2453.21 0.614472 0.0562215 -0.730284 -0.293169
434.pcd 422.072 -1204.48 -2475.5 0.724902 0.0374723 -0.667517 -0.165933
435.pcd 427.304 -1198.64 -2491.07 0.819237 -0.000178342 -0.573179 -0.0177617
436.pcd 431.864 -1193.43 -2509.49 0.881358 -0.0458352 -0.447763 0.14358
437.pcd 750.212 -28.5915 -1823.42 0.529891 0.746586 0.262747 0.304613
438.pcd 436.202 -1188.12 -2527.06 0.89334 -0.11397 -0.28881 0.324875
439.pcd 444.739 -1183.29 -2536.64 0.88393 -0.132448 -0.145269 0.42429
440.pcd 451.223 -1174.56 -2562.95 0.819721 -0.152279 0.0759666 0.546899
441.pcd 457.917 -1178.96 -2573.5 0.845011 -0.127101 0.158387 0.494687
442.pcd 467.667 -1170.01 -2589.85 0.33579 -0.141996 0.427137 0.827427
443.pcd 492.996 -1125.93 -2640.95 0.913016 -0.00393255 -0.30833 -0.267057
444.pcd 499.172 -1124.48 -2651.61 0.831716 -0.153066 0.122077 0.519534
445.pcd 507.065 -1114.42 -2667.68 0.121274 -0.17964 0.450852 0.865884
446.pcd 508.556 -1105.27 -2685.16 0.659991 0.0881902 -0.4557 -0.590738
447.pcd 510.982 -1099.21 -2700.14 0.958863 -0.123725 -0.0648405 0.247124
448.pcd 518.46 -1091.31 -2713.32 0.467957 -0.206695 0.353357 0.783219
449.pcd 522.316 -1080.5 -2729.71 -0.389082 -0.133875 0.515846 0.751395
450.pcd 524.823 -1072.43 -2744.4 0.89897 0.0192693 -0.344082 -0.270348
451.pcd 527.919 -1066.45 -2756.96 0.846058 -0.156513 0.0859204 0.502303
452.pcd 819.674 95.6161 -2121.3 0.26555 0.510712 -0.570115 0.586195
453.pcd 536.956 -1045.37 -2784.75 0.516819 0.144118 -0.513603 -0.669582
454.pcd 822.879 114.927 -2155.28 0.520712 0.739101 0.264547 0.335564
455.pcd 827.232 131.124 -2183.77 0.465283 0.581866 0.665308 0.0480495
456.pcd 545.35 -1025.1 -2810.87 0.726851 -0.195165 0.170241 0.636094
457.pcd 828.28 142.312 -2206.43 0.310149 0.311128 0.872286 -0.214768
458.pcd 548.777 -1014.59 -2823.75 -0.058132 -0.215002 0.482165 0.847297
459.pcd 837.173 157.925 -2223.15 0.0614436 -0.0869909 0.883483 -0.456195
460.pcd 858.75 219.094 -2308.71 0.376761 0.672459 -0.316458 0.552905
461.pcd 558.261 -980.866 -2862.93 0.348305 -0.214906 0.369963 0.834042
462.pcd 832.612 208.828 -2320.09 0.419496 0.563032 0.71171 -0.0220722
463.pcd 561.974 -970.622 -2874.11 -0.290156 -0.223007 0.516047 0.77445
464.pcd 563.071 -953.472 -2891.8 0.888709 0.0441517 -0.391659 -0.234201
465.pcd 565.267 -940.799 -2902.92 0.888691 -0.1516 -0.00848511 0.432635
466.pcd 567.284 -928.523 -2913.43 0.295718 -0.246806 0.385367 0.838528
467.pcd 572.337 -917.144 -2922.05 -0.446486 -0.197548 0.52213 0.699289
468.pcd 575.893 -902.532 -2933.4 0.921591 0.0364148 -0.353923 -0.155184
469.pcd 849.223 352.814 -2513.95 0.457768 0.728234 0.0623623 0.506196
470.pcd 581.048 -875.808 -2953.53 0.318381 -0.235497 0.377832 0.836909
471.pcd 584.933 -853.518 -2969.44 0.790513 0.102485 -0.445499 -0.407574
472.pcd 576.123 -811.725 -3000.52 0.505462 -0.217003 0.287239 0.784163
473.pcd 578.164 -798.122 -3009.12 -0.273374 -0.211429 0.506152 0.790174
474.pcd 580.751 -781.756 -3019.76 0.856815 0.0878528 -0.400707 -0.312384
475.pcd 856.103 472.422 -2650.23 0.22715 0.447087 -0.515568 0.69477
476.pcd 583.585 -743.171 -3043.97 -0.113024 -0.228036 0.477583 0.840916
477.pcd 586.249 -676.979 -3084.89 -2.62466e-05 -0.229744 0.456291 0.85966
478.pcd 838.496 541.165 -2744.39 0.207147 0.281989 0.873387 -0.338775
479.pcd 832.524 558.552 -2763.55 -0.0824312 -0.191988 0.789402 -0.577227
480.pcd 831.413 578.639 -2785.81 0.3487 0.601941 -0.39685 0.59882
481.pcd 587.845 -642.48 -3103.55 0.961642 0.073525 -0.258919 -0.0529157
482.pcd 585.809 -575.232 -3135.63 0.913195 0.110758 -0.330927 -0.210465
483.pcd 567.833 -547.179 -3148.8 0.928989 -0.038345 -0.0231231 0.367388
484.pcd 814.37 633.841 -2859.89 0.136608 0.132458 0.887283 -0.420146
485.pcd 567.031 -529.575 -3155.37 0.591087 -0.172098 0.295352 0.730593
486.pcd 810.433 652.999 -2882.29 -0.119043 -0.307569 0.724997 -0.604657
487.pcd 805.85 673.075 -2905.64 0.36182 0.672323 -0.27442 0.584605
488.pcd 801.752 691.667 -2926.51 0.463222 0.765949 0.279081 0.347652
489.pcd 795.969 710.196 -2949.41 0.390927 0.570861 0.721516 -0.0266184
490.pcd 790.969 730.7 -2972.89 0.146455 0.131476 0.893835 -0.402895
491.pcd 785.637 750.612 -2995.55 -0.053519 -0.269899 0.764798 -0.582558
492.pcd 780.966 770.767 -3018.02 0.336282 0.657411 -0.287092 0.610167
493.pcd 776.87 791.61 -3041.44 0.463539 0.746418 0.308766 0.364219
494.pcd 770.524 811.372 -3065.34 0.388197 0.506 0.769036 -0.0430092
495.pcd 765.764 830.458 -3086.42 0.151256 0.0523303 0.890253 -0.426419
496.pcd 761.685 851.155 -3108.61 -0.139241 -0.417824 0.641896 -0.627698
497.pcd 758.177 898.072 -3153.19 0.453263 0.710246 0.470385 0.262376
498.pcd 752.625 919.076 -3176.07 0.342363 0.404066 0.835914 -0.144104
499.pcd 535.863 -269.341 -3224.42 0.938612 0.219976 -0.179296 -0.196139
500.pcd 747.502 937.145 -3197.19 0.147508 -0.0114541 0.871909 -0.466782
501.pcd 535.443 -250.109 -3225.23 0.944418 0.163019 0.0707051 0.276588
502.pcd 743.186 958.491 -3220.2 0.105341 0.438868 -0.627246 0.634712
503.pcd 532.678 -227.521 -3226.66 0.686705 0.0564338 0.302063 0.658794
504.pcd 731.402 999.671 -3267.78 0.453423 0.716375 0.435659 0.30235
505.pcd 725.467 1018.76 -3289.81 0.350862 0.384918 0.844656 -0.123655
506.pcd 725.309 1038.11 -3308.01 0.102552 -0.104107 0.861719 -0.485886
507.pcd 721.93 1058.8 -3330.73 0.125115 0.51117 -0.575515 0.625966
508.pcd 718.134 1079.24 -3352.37 0.301494 0.756323 -0.128264 0.566237
509.pcd 714.491 1099.97 -3374.29 0.392192 0.751021 0.420328 0.324774
510.pcd 710.118 1119.92 -3397.16 0.323972 0.438996 0.836558 -0.0499532
511.pcd 706.653 1139.24 -3418.62 0.198902 0.0350559 0.90917 -0.364168
512.pcd 483.059 5.04188 -3239.46 0.946822 0.276087 -0.0440264 0.159266
513.pcd 703.113 1159.46 -3441.05 -0.0535151 -0.428642 0.67365 -0.599665
514.pcd 480.562 25.0902 -3238.93 0.799033 0.145361 0.17905 0.555299
515.pcd 695.395 1199.69 -3486.21 0.388912 0.775417 0.30563 0.392512
516.pcd 476.032 46.6031 -3237.6 0.464269 -0.0257047 0.35904 0.809249
517.pcd 691.665 1219.98 -3508.81 0.34653 0.507416 0.788546 0.0253305
518.pcd 473.927 67.1405 -3236.27 0.0545712 -0.210532 0.451032 0.865603
519.pcd 687.914 1238.53 -3530.49 0.199892 0.0740595 0.920668 -0.327001
520.pcd 684.793 1258.93 -3553.65 -0.0117404 -0.383066 0.73363 -0.561168
521.pcd 467.25 111.474 -3233.76 0.630265 0.4803 -0.311981 -0.524161
522.pcd 680.401 1278.26 -3576.29 0.220423 0.708836 -0.294252 0.601981
523.pcd 678.686 1340.66 -3643.87 0.309739 0.370142 0.870974 -0.0919792
524.pcd 439.009 174.256 -3227.3 0.741934 0.148067 0.213033 0.618245
525.pcd 434.453 196.504 -3224.21 0.493064 -0.104494 0.387326 0.771976
526.pcd 668.098 1354.66 -3663.4 0.117008 -0.112194 0.887894 -0.430542
527.pcd 446.855 213.852 -3200.69 0.177929 -0.323934 0.486895 0.791417
528.pcd 663.722 1374.06 -3686.76 0.107177 0.544614 -0.577711 0.598463
529.pcd 660.091 1393.62 -3708.8 0.288225 0.781602 -0.066625 0.549167
530.pcd 656.589 1413.07 -3731.25 0.367597 0.738697 0.476275 0.30391
531.pcd 653.414 1434.11 -3754.95 0.305876 0.402428 0.859838 -0.0719014
532.pcd 650.106 1454.63 -3777.91 0.455962 0.573565 -0.486966 0.47538
533.pcd 645.714 1469.77 -3799.8 0.514248 0.808661 0.199803 0.204192
534.pcd 641.225 1491.74 -3825.02 0.297864 0.700106 0.637212 -0.122839
535.pcd 638.052 1512.59 -3849.34 -0.0524131 0.32078 0.849041 -0.416513
536.pcd 629.983 1531.89 -3861.12 -0.382012 -0.169253 0.730075 -0.540749
537.pcd 628.022 1551.64 -3885.08 0.467827 0.539951 -0.491734 0.497784
538.pcd 626.402 1571.47 -3905.42 0.42356 0.787625 -0.264013 0.361304
539.pcd 623.757 1591.74 -3928.14 0.336058 0.928006 0.0341874 0.157167
540.pcd 623.231 1614.01 -3951.51 0.165194 0.894614 0.410955 -0.0591002
541.pcd 621.046 1636.47 -3975.24 0.0122019 0.715257 0.640572 -0.279152
542.pcd 402.817 526.445 -3160.98 0.0223695 -0.397935 0.455252 0.796174
543.pcd 619.016 1657.39 -3999.16 -0.134281 0.42645 0.768554 -0.457638
544.pcd 390.209 572.004 -3152.82 -0.0162894 0.925845 0.238009 -0.293084
545.pcd 380.3 619.437 -3150.12 -0.257984 0.884313 0.097786 0.37666
546.pcd 376.189 641.047 -3149.22 0.00960479 0.65754 0.173352 0.733142
547.pcd 595.36 1768.37 -4120.7 0.297417 0.929205 0.207479 0.0712288
548.pcd 371.351 663.61 -3148.28 0.304382 0.249065 0.220666 0.892538
549.pcd 594.593 1790.34 -4144.41 0.21091 0.889724 0.359504 -0.186188
550.pcd 367.906 685.196 -3147.02 0.414814 -0.182662 0.187436 0.871454
551.pcd 587.642 1852.5 -4210.83 -0.498478 -0.439069 -0.311817 0.679344
552.pcd 577.469 1910.2 -4271.22 -0.126269 -0.030633 -0.0566726 0.989902
553.pcd 562.217 1977.04 -4346.29 0.399502 0.391694 0.303904 0.771114
554.pcd 554.184 2007.41 -4367.97 0.471024 0.607084 0.214447 0.602991
555.pcd 337.537 872.509 -3134.95 -0.415294 0.902732 0.100714 0.0496202
556.pcd 549.446 2027 -4389.92 0.496662 0.776316 0.0807698 0.379653
557.pcd 330.994 894.828 -3134.51 -0.231042 0.862354 0.0936735 0.440671
558.pcd 327.276 917.229 -3135.27 -0.0137166 0.662518 0.0558168 0.746837
559.pcd 324.963 938.251 -3136.06 0.22029 0.336999 0.0180569 0.915193
560.pcd 536.467 2106.62 -4476.73 0.266742 0.825381 -0.292141 -0.402802
561.pcd 322.353 960.175 -3135.93 0.406939 -0.052842 -0.024134 0.911606
562.pcd 319.647 980.276 -3135.18 0.574518 -0.439777 -0.0768592 0.686017
563.pcd 532.785 2132 -4505.9 0.13032 0.67929 -0.360801 -0.625624
564.pcd 315.391 999.706 -3133.63 0.573865 -0.730311 -0.0804383 0.361738
565.pcd 528.099 2156.67 -4535.5 0.00572578 -0.455107 0.401903 0.794555
566.pcd 522.984 2190.41 -4575.37 0.194312 -0.111628 0.393003 0.891813
567.pcd 519.09 2217.14 -4606.16 0.201698 0.283086 0.268963 0.898242
568.pcd 516.266 2241.17 -4634.93 0.309199 0.510171 0.272351 0.754948
569.pcd 511.668 2269.42 -4668.35 0.427776 0.63167 0.363583 0.53461
570.pcd 509.261 2291.44 -4697.1 0.516806 0.734686 0.333435 0.286302
571.pcd 504.874 2319.46 -4730.5 0.565813 0.779309 0.268829 0.0162579
572.pcd 501.008 2347.46 -4764.27 0.560878 0.761125 0.198102 -0.258575
573.pcd 497.438 2375.06 -4798.41 0.522449 0.677273 0.0951046 -0.509218
574.pcd 280.339 1226.05 -3162.39 0.186459 0.4056 0.0125506 0.894743
575.pcd 488.73 2430.75 -4869.05 -0.324272 -0.354818 0.126661 0.867703
576.pcd 484.515 2456.04 -4901.94 -0.197571 -0.126535 0.226273 0.945386
577.pcd 478.485 2485.1 -4939.42 -0.0458847 0.103276 0.308116 0.944613
578.pcd 472.64 2513.41 -4975.12 0.116287 0.300863 0.382557 0.8658
579.pcd 467.112 2541.68 -5009.9 0.272099 0.486689 0.413266 0.719935
580.pcd 461.724 2570.54 -5046.03 0.405243 0.634357 0.408833 0.515971
581.pcd 454.344 2602.2 -5085.53 0.504759 0.734324 0.363626 0.271593
582.pcd 443.895 2638.72 -5130.72 0.562453 0.773524 0.292057 0.00310922
583.pcd 434.916 2674.14 -5175.18 0.571762 0.748819 0.203494 -0.266362
584.pcd 427.479 2707.27 -5217.91 0.544553 0.659707 0.0843848 -0.511006
585.pcd 420.053 2739.62 -5260.7 -0.462377 -0.521451 0.0316204 0.716447
586.pcd 402.489 2806.34 -5349.41 -0.145346 -0.178812 0.236324 0.943956
587.pcd 392.424 2841.65 -5395.66 0.00952091 0.0514044 0.304512 0.951073
588.pcd 382.829 2876.88 -5441.74 0.199302 0.233912 0.369244 0.877053
589.pcd 372.818 2912.79 -5488.23 0.355565 0.425699 0.382157 0.739128
590.pcd 362.953 2949.58 -5536.16 0.477142 0.593985 0.34899 0.54564
591.pcd 352.824 2987.36 -5585.42 0.561075 0.710846 0.293567 0.306122
592.pcd 343.274 3024.96 -5634.4 0.598881 0.76806 0.222956 0.0414332
593.pcd 333.697 3062.97 -5684.54 0.589213 0.764497 0.132355 -0.225507
594.pcd 324.016 3101.23 -5735.86 0.532364 0.699671 0.0304518 -0.475523
595.pcd 312.19 3141.3 -5791.05 -0.438279 -0.581279 0.0730934 0.681677
596.pcd 301.237 3181.63 -5846.43 -0.29969 -0.409273 0.175076 0.843819
597.pcd 289.829 3221.85 -5901.53 -0.137586 -0.21239 0.25887 0.932173
598.pcd 278.287 3263.05 -5957.2 0.0330694 0.0036433 0.32153 0.946315
599.pcd 266.278 3304.29 -6013.49 0.202313 0.221506 0.358278 0.884105
600.pcd 254.144 3346.18 -6070.23 0.353567 0.420667 0.366692 0.750711
601.pcd 242.049 3388.83 -6127.67 0.477671 0.586032 0.344803 0.556334
602.pcd 230.044 3432.38 -6186.54 0.562844 0.703568 0.295805 0.31733
603.pcd 218.277 3476.24 -6245.85 0.602872 0.76466 0.221438 0.0529697
604.pcd 206.592 3520.53 -6306.32 0.593874 0.764127 0.129733 -0.215856
605.pcd 193.34 3565.94 -6369.95 0.536438 0.702221 0.0291846 -0.467191
606.pcd 181.067 3610.73 -6432.6 -0.410757 -0.601759 0.043061 0.683601
607.pcd 168.33 3656.57 -6496.34 -0.266482 -0.443054 0.12451 0.846869
608.pcd 155.416 3703.48 -6560.72 -0.0674976 -0.280432 0.184239 0.939605
609.pcd 141.988 3750.18 -6625.77 0.0892613 -0.0511264 0.230747 0.967561
610.pcd 128.352 3797.81 -6691.46 0.239137 0.182485 0.258913 0.917866
611.pcd 114.699 3846.28 -6757.66 0.369674 0.401304 0.266179 0.794635
612.pcd 101.197 3895.58 -6824.44 0.470584 0.587824 0.252209 0.607786
613.pcd 87.9544 3945.65 -6891.94 0.533786 0.727315 0.218019 0.372228
614.pcd 74.9636 3998.94 -6965.22 0.553991 0.809886 0.1603 0.107159
615.pcd 60.8151 4051.26 -7037.44 0.522517 0.82714 0.121153 -0.167743
616.pcd 47.2141 4102.74 -7107.54 0.431498 0.786638 0.108142 -0.428154
617.pcd 33.4635 4154.83 -7178.85 0.357086 0.660625 0.0225191 -0.659967
618.pcd 19.9558 4208.97 -7252.11 -0.245824 -0.485759 0.0579041 0.836813
619.pcd 5.95002 4262.61 -7325.67 -0.107155 -0.276521 0.13023 0.946094
620.pcd -8.45528 4316.85 -7399.76 0.0386867 -0.0444917 0.19232 0.979559
621.pcd -23.2853 4372.02 -7474.47 0.181378 0.190736 0.239099 0.934641
622.pcd -38.3463 4428.23 -7549.86 0.309427 0.410957 0.267139 0.814866
623.pcd -53.3566 4485.15 -7625.48 0.412915 0.597942 0.273387 0.630259
624.pcd -68.0471 4543.89 -7702.62 0.476555 0.750883 0.229813 0.395293
625.pcd -82.8821 4602.19 -7779.87 0.500743 0.839028 0.170443 0.127426
626.pcd -98.9441 4662.12 -7858.9 0.485423 0.856623 0.0881667 -0.15096
627.pcd -113.644 4722.79 -7938.38 0.428193 0.80137 0.00254072 -0.417673
628.pcd -128.08 4783.21 -8018.38 0.320075 0.68952 -0.0611964 -0.646815
629.pcd -142.661 4844.39 -8099.39 -0.213704 -0.499017 0.143098 0.827548
630.pcd -51.2596 2546.04 -3500.84 0.611996 -0.193163 0.0678063 0.763905
631.pcd -172.761 4968.16 -8264.08 0.0999476 -0.0644718 0.239888 0.963487
632.pcd -188.218 5031.23 -8347.46 0.252502 0.169395 0.260295 0.916403
633.pcd -203.735 5095.17 -8431.39 0.383853 0.391226 0.259226 0.795237
634.pcd -219.169 5159.94 -8515.87 0.483497 0.581176 0.237396 0.610006
635.pcd -233.642 5225.29 -8601.82 0.554644 0.704566 0.240113 0.371892
636.pcd -249.22 5287.35 -8687.13 0.58013 0.796169 0.129609 0.112984
637.pcd -265.261 5354.7 -8775.85 0.548023 0.818383 0.0653747 -0.160145
638.pcd -279.757 5421.53 -8864.13 0.476014 0.772846 -0.0129658 -0.419467
639.pcd -294.264 5488.86 -8953.66 0.365494 0.665055 -0.0900877 -0.644981
640.pcd -308.91 5556.46 -9044.04 -0.22568 -0.504874 0.160099 0.817642
641.pcd -148.43 2747.62 -3606.52 0.572707 -0.812657 0.102628 0.0326033
642.pcd -339.077 5693.42 -9227.5 0.103838 -0.0858116 0.249999 0.95883
643.pcd -354.55 5763.11 -9320.4 0.259722 0.148242 0.26639 0.9163
644.pcd -369.595 5834.51 -9414.61 0.407322 0.352583 0.274119 0.796639
645.pcd -383.01 5907.41 -9511.01 0.514818 0.54192 0.246497 0.616867
646.pcd -196.198 2836.57 -3657.03 -0.285603 0.880152 -0.0373155 0.377321
647.pcd -412.237 6052.37 -9701.73 0.599021 0.779116 0.130237 0.131114
648.pcd -426.262 6125.75 -9798.55 0.56963 0.808588 0.0522869 -0.137742
649.pcd -440.084 6199.49 -9896.45 0.493394 0.770342 -0.0223563 -0.403281
650.pcd -453.938 6273.55 -9995.42 0.36354 0.681943 -0.0728565 -0.630463
651.pcd -468.301 6349.28 -10096.3 -0.206369 -0.541464 0.122252 0.805781
652.pcd -482.167 6425.6 -10195.9 -0.0163727 -0.375499 0.153995 0.913793
653.pcd -253.15 2950.56 -3735.93 0.616126 -0.0761165 0.212745 0.754542
654.pcd -496.074 6501.78 -10296.5 0.122686 -0.13237 0.18433 0.966151
655.pcd -510.645 6578.9 -10398.8 0.265897 0.111002 0.201039 0.936248
656.pcd -269.034 2985.78 -3761.87 -0.412193 0.88683 -0.085487 0.190581
657.pcd -525.187 6656.82 -10501.3 0.390478 0.336314 0.204437 0.832241
658.pcd -276.475 3001.96 -3773.87 0.0425075 0.735092 0.0879165 0.670897
659.pcd -539.611 6735.41 -10604.3 0.482037 0.540349 0.186396 0.664018
660.pcd -567.403 6895.56 -10812.3 0.543903 0.810629 0.110968 0.186377
661.pcd -580.451 6977.1 -10919.8 0.510074 0.85293 0.0722458 -0.0843567
662.pcd -592.838 7059.47 -11026.8 0.426714 0.832567 0.0543692 -0.348985
663.pcd -607.49 7141.25 -11133.1 0.312192 0.747194 0.0278603 -0.586056
664.pcd -332.985 3108.58 -3872.65 0.618482 -0.713433 0.209775 0.253945
665.pcd -620.724 7224.05 -11241.2 -0.194766 -0.590525 0.0254372 0.782751
666.pcd -634.274 7307.93 -11350.4 -0.0618169 -0.38477 0.076222 0.91778
667.pcd -648.066 7392.37 -11460 0.0870485 -0.160166 0.115982 0.97638
668.pcd -662.133 7477.64 -11570.2 0.21917 0.0867808 0.146839 0.960662
669.pcd -676.287 7563.81 -11680.7 0.332716 0.328311 0.166032 0.8683
670.pcd -690.352 7650.96 -11791.6 0.4196 0.543373 0.171899 0.706493
671.pcd -704.284 7739.19 -11903.2 0.472398 0.716235 0.162289 0.48735
672.pcd -717.321 7828.16 -12016.2 0.491956 0.820159 0.175747 0.233305
673.pcd -731.45 7916.24 -12129.3 0.471293 0.85811 0.200208 -0.0380408
674.pcd -745.81 8004.87 -12242.8 0.453397 0.827805 0.081748 -0.320136
675.pcd -759.271 8096.18 -12357.9 0.344719 0.750735 0.0532587 -0.561007
676.pcd -773.177 8190.46 -12474.9 -0.265059 -0.576805 0.0424341 0.771517
677.pcd -786.951 8282.42 -12591.6 -0.127591 -0.381435 0.110552 0.908849
678.pcd -801.122 8375.17 -12709.3 0.0211048 -0.156086 0.169773 0.972815
679.pcd -815.665 8468.59 -12827.5 0.167631 0.0815312 0.215069 0.958644
680.pcd -830.312 8562.09 -12945.2 0.299055 0.31066 0.243176 0.868862
681.pcd -845.008 8658.88 -13066.1 0.411224 0.516387 0.254547 0.706715
682.pcd -860.594 8753.46 -13183.9 0.497174 0.665168 0.266279 0.489352
683.pcd -875.215 8851.74 -13304 0.540645 0.776845 0.222208 0.234177
684.pcd -889.796 8948.92 -13425.6 0.537895 0.820258 0.190443 -0.0397108
685.pcd -904.061 9047.08 -13547.8 0.499279 0.799442 0.121679 -0.311139
686.pcd -918.209 9145.5 -13670.9 0.426428 0.710919 0.0316578 -0.558347
687.pcd -932.701 9244.62 -13795.2 -0.310301 -0.570027 0.0514117 0.759038
688.pcd -947.55 9344.35 -13920.7 -0.169092 -0.383163 0.130204 0.898689
689.pcd -962.803 9444.49 -14046.6 -0.0146646 -0.166076 0.198327 0.965852
690.pcd -978.236 9546.13 -14172.8 0.133326 0.0729364 0.249729 0.956316
691.pcd -976.517 9651.05 -14304.3 0.0912531 0.507173 0.168442 0.840283
692.pcd -991.721 9754 -14431.9 -0.0493416 0.868543 0.0347718 0.491924
693.pcd -1007.01 9856.84 -14558.1 -0.183367 0.97371 -0.133302 -0.0222742
694.pcd -1021.68 9962.72 -14686.7 -0.264276 0.796934 -0.221371 -0.496034
695.pcd -1035.63 10067.9 -14813.8 0.265307 -0.379394 0.268313 0.844796
696.pcd -1056.11 10228 -15007.1 0.123387 0.416807 0.189186 0.880486
697.pcd -1082.47 10442.7 -15264.2 -0.228829 0.964765 -0.128199 0.0207389
698.pcd -1095.13 10551.5 -15392.4 -0.315664 0.790352 -0.213455 -0.479726
699.pcd -1115.69 10737.5 -15610.6 0.248699 -0.0183616 0.209219 0.945537
700.pcd -1125.19 10848.8 -15738.9 0.257244 0.333325 0.215119 0.88116
701.pcd -1134.45 10960.2 -15871.1 0.204398 0.673145 0.162974 0.691764
702.pcd -1148.49 11077.7 -16004.3 0.122516 0.902163 0.105534 0.399943
703.pcd -1159.12 11191 -16134 0.0154357 0.998793 0.0201235 0.0420589
704.pcd -1169.34 11305.6 -16263.9 -0.0976798 0.943743 -0.0544384 -0.311198
705.pcd -1179.04 11420.8 -16393.6 -0.195221 0.744269 -0.131631 -0.625001
706.pcd -1188.28 11537.2 -16524.2 0.273375 -0.441406 0.183631 0.834689
707.pcd -1197.02 11653.9 -16654.8 0.300095 -0.0624603 0.208219 0.928809
708.pcd -1211.59 11855.4 -16879.8 0.239865 0.577076 0.176086 0.760554
709.pcd -1233.89 12177.6 -17237.9 -0.0431683 0.993415 -0.0147905 -0.105095
710.pcd -1241.94 12300.3 -17371.6 -0.183456 0.905185 -0.0212391 -0.382795
711.pcd -1249.41 12423.1 -17504.3 0.202397 -0.313329 -0.143025 0.916736
712.pcd -902.941 3870.33 -4768.66 0.511279 -0.842345 0.0136519 -0.169891
713.pcd -1256.77 12545.9 -17635.9 0.0629575 0.489347 -0.207403 0.844725
714.pcd -941.555 3909.04 -4832.68 0.332965 0.39209 -0.112939 0.850085
715.pcd -951.823 3920.79 -4851.57 0.603676 0.00780826 -0.0946828 0.791548
716.pcd -968.001 3936.48 -4871.33 0.74349 -0.387668 -0.0551261 0.542123
717.pcd -980.978 3947.48 -4892.13 0.705469 -0.692522 -0.00429596 0.150697
718.pcd -1004.06 3969.16 -4931.28 -0.227108 0.782682 -0.0841383 0.573369
719.pcd -1013.66 3984.84 -4961.7 0.130258 0.568532 -0.112739 0.804422
720.pcd -1025.95 3996.8 -4984.73 0.580266 0.129768 -0.0634361 0.801516
721.pcd -1040.13 4010.13 -5010.71 0.804358 -0.42153 0.021621 0.418154
722.pcd -1052.29 4024.2 -5032.54 0.677184 -0.727884 0.0957142 -0.0494526
723.pcd -1069.78 4040.47 -5063.37 -0.120554 0.728164 -0.118153 0.664292
724.pcd -1111.52 4080.21 -5142.6 0.7435 -0.63152 0.0916266 0.199987
725.pcd -1124.55 4090.97 -5166.93 -0.497238 0.823774 -0.137886 0.234816
726.pcd -1133.94 4097.59 -5193.06 -0.246459 0.802715 -0.233642 0.490223
727.pcd -1146.45 4110.95 -5222.34 0.128284 0.595164 -0.244072 0.754819
728.pcd -1174.2 4135.75 -5272.92 0.717847 -0.241562 -0.0830315 0.647649
729.pcd -1246.22 4195.16 -5407 0.554504 0.114978 -0.172281 0.805993
730.pcd -1259 4207.02 -5431.89 0.780968 -0.343983 -0.055534 0.518344
731.pcd -1272.98 4217.05 -5458.3 0.713828 -0.696002 0.0731185 -0.0261685
732.pcd -1286.25 4229.16 -5485.73 -0.289429 0.729695 -0.152117 0.60053
733.pcd -1298.44 4239.44 -5512.81 0.167837 0.451269 -0.19562 0.854354
734.pcd -1324.9 4262.08 -5571.77 0.761964 -0.49257 -0.0199252 0.419986
735.pcd -1336.07 4275.51 -5601.88 0.547198 -0.772776 0.0381165 -0.31928
736.pcd -1351.55 4287.6 -5630.57 -0.053729 0.578408 -0.103724 0.807341
737.pcd -1377.27 4308.9 -5686.19 0.762794 -0.487368 -0.0439919 0.422709
738.pcd -1430.45 4353.21 -5801.3 0.789055 -0.524975 -0.0464132 0.315655
739.pcd -1446.89 4367.89 -5833 0.541877 -0.739305 0.0662325 -0.394223
740.pcd -1463.38 4382.54 -5865.11 0.10418 0.462042 -0.119174 0.872617
741.pcd -1477.87 4394.42 -5894.4 0.584121 -0.0803036 -0.104627 0.800879
742.pcd -1494.93 4408.24 -5930.65 0.736962 -0.67027 -0.0155707 0.0859191
743.pcd -1512.57 4423.01 -5960.94 -0.371094 0.721105 -0.0757467 0.580138
744.pcd -1526.24 4431.45 -5987.72 0.107414 0.399621 -0.150161 0.897896
745.pcd -1559.42 4460.92 -6065.45 0.704754 -0.701792 -0.0368711 0.0972084
746.pcd -1597.64 4481.16 -6131.44 0.140473 0.381235 -0.149935 0.901358
747.pcd -1607.64 4491.02 -6165.71 0.77571 -0.281277 -0.117149 0.55266
748.pcd -1622.22 4502.35 -6197.27 0.718197 -0.671605 0.0538079 -0.17391
749.pcd -1635.49 4513.35 -6229.62 -0.0889692 0.547654 -0.180031 0.812249
750.pcd -1651.47 4522.59 -6258.76 0.609135 -0.0313396 -0.157355 0.776667
751.pcd -1665.62 4533.1 -6290.47 0.807211 -0.581997 -0.00736283 0.0981606
752.pcd -1679.98 4544.56 -6322.54 -0.419943 0.66889 -0.17122 0.588997
753.pcd -1694.32 4556.21 -6355.22 0.319854 0.274733 -0.217361 0.880323
754.pcd -1708.97 4567.52 -6389.28 0.817411 -0.364057 -0.0827 0.438705
755.pcd -1758.36 4603.22 -6487.09 0.772518 -0.201795 -0.130137 0.587842
756.pcd -1774.36 4614.43 -6519.84 0.76861 -0.625698 0.0933759 -0.0949836
757.pcd -1789.88 4626.24 -6553 -0.230647 0.614322 -0.252154 0.711216
758.pcd -1803.41 4636.74 -6586.49 0.449676 0.181355 -0.240962 0.840737
759.pcd -1818.42 4647.77 -6619.52 0.837657 -0.376004 -0.0660991 0.390618
760.pcd -1831.26 4658.78 -6655.36 0.679521 -0.664285 0.168693 -0.261762
761.pcd -1843.83 4669.45 -6690.79 -0.144528 0.566589 -0.304847 0.751769
762.pcd -1869.77 4689.74 -6751.47 0.824172 -0.277903 -0.103057 0.482586
763.pcd -1883.73 4701.03 -6786.32 0.773443 -0.608803 0.15425 -0.085745
764.pcd -1897.76 4710.98 -6821.29 -0.307722 0.634932 -0.32765 0.628342
765.pcd -1912.02 4722.07 -6857.39 0.245795 0.33824 -0.343372 0.840996
766.pcd -1927.15 4733.21 -6895.05 0.727481 -0.141583 -0.193752 0.642796
767.pcd -1967.52 4776.7 -7007.46 0.0130609 0.47456 -0.360198 0.803044
768.pcd -1982.89 4787.85 -7044.39 0.599253 0.0399101 -0.274659 0.75091
769.pcd -1997.86 4801.87 -7080.22 0.859063 -0.408904 -0.0454127 0.304543
770.pcd -2015.26 4812.54 -7116.89 0.706349 -0.63091 0.215978 -0.237441
771.pcd -2031.11 4823 -7153.12 -0.258576 0.578741 -0.381712 0.672676
772.pcd -2051.08 4836.4 -7199.6 0.473037 0.163363 -0.345118 0.794004
773.pcd -2067.58 4845.26 -7240.23 0.655347 -0.421195 0.0626165 -0.623854
774.pcd -2083.65 4852.66 -7277.81 -0.247431 0.161514 -0.364442 0.883104
775.pcd -2101.42 4860.36 -7315.17 0.291417 -0.177499 -0.512436 0.788022
776.pcd -2118.44 4871.35 -7352.21 0.702374 -0.441367 -0.435508 0.34957
777.pcd -2135.29 4878.33 -7389.91 0.809349 -0.514296 -0.176347 -0.222162
778.pcd -2152.46 4886.41 -7428.19 0.623486 -0.378809 0.148057 -0.667718
779.pcd -2170.25 4893.58 -7466.41 -0.173321 0.101868 -0.428007 0.881132
780.pcd -2193.53 4904.21 -7520.52 0.533525 -0.325444 -0.517422 0.584561
781.pcd -2210.62 4911.1 -7559.1 0.80564 -0.489131 -0.326907 0.069475
782.pcd -2226.83 4918.26 -7598.06 0.785055 -0.459332 -0.0126921 -0.415382
783.pcd -2243.49 4925.94 -7637.53 0.50312 -0.276836 0.304714 -0.759856
784.pcd -2276.27 4941.53 -7717.58 0.383865 -0.276483 -0.555373 0.683934
785.pcd -2292.34 4949.23 -7757.52 0.748617 -0.464754 -0.435228 0.184808
786.pcd -2303.42 4955.6 -7793.11 0.774163 -0.447379 -0.120983 -0.431146
787.pcd -2320.88 4959.77 -7831.9 -0.422608 0.214803 -0.253416 0.843234
788.pcd -2338.22 4966.11 -7871.45 0.117971 -0.121692 -0.500227 0.849145
789.pcd -2371.33 4978.43 -7952.19 0.807884 -0.500466 -0.291026 -0.110277
790.pcd -2386.63 4983.2 -7990.89 0.715525 -0.388286 0.0407955 -0.579304
791.pcd -2427.06 4999.52 -8093.69 0.491543 -0.327163 -0.535215 0.604065
792.pcd -2442.43 5008.13 -8133.84 0.775449 -0.492035 -0.359096 0.166225
793.pcd -2457.34 5014.39 -8173.78 0.782284 -0.492332 -0.0594869 -0.376965
794.pcd -2473 5021.45 -8215.06 0.513629 -0.309242 0.258722 -0.757376
795.pcd -2488.04 5029.02 -8256.97 -0.0371595 0.0176593 -0.491973 0.869638
796.pcd -2501.52 5035.86 -8299.98 0.505339 -0.280493 -0.552226 0.600835
797.pcd -2517.06 5043.03 -8342.16 0.802676 -0.456515 -0.366817 0.112921
798.pcd -2530.23 5048.87 -8382.86 0.788222 -0.454844 -0.0366272 -0.412894
799.pcd -2545.39 5052.46 -8423.49 -0.486771 0.280525 -0.301612 0.770318
800.pcd -2564.17 5060.59 -8478.03 0.16735 -0.0866207 -0.567281 0.801676
801.pcd -2578.99 5068.12 -8520.93 0.611 -0.343699 -0.527054 0.480379
802.pcd -2593.16 5074.46 -8562.71 0.828489 -0.468964 -0.291789 -0.0923979
803.pcd -2606.1 5081.23 -8603.45 0.689785 -0.385945 0.0714724 -0.608387
804.pcd -2620.14 5087.45 -8645.84 -0.242655 0.134935 -0.406507 0.870438
805.pcd -2633.9 5093.19 -8687.99 0.305425 -0.173299 -0.562339 0.748637
806.pcd -2649.68 5099.28 -8729.13 0.639006 -0.413593 -0.450717 0.466334
807.pcd -2663.99 5106.01 -8771.81 0.799406 -0.547689 -0.234794 -0.0765396
808.pcd -2676.81 5110.13 -8812.59 0.649576 -0.468569 0.0736079 -0.594203
809.pcd -2692.66 5114.84 -8853.89 -0.266166 0.207479 -0.349074 0.874217
810.pcd -2706.98 5120.23 -8896.26 0.228107 -0.13199 -0.4974 0.826522
811.pcd -2720.43 5125.04 -8940.37 0.703825 -0.41644 -0.474653 0.325442
812.pcd -2735.3 5130.69 -8983.07 0.828032 -0.481068 -0.196651 -0.210395
813.pcd -2747.86 5136.87 -9023.58 0.660022 -0.362069 0.150295 -0.640849
814.pcd -2762.39 5142 -9066.31 -0.23405 0.110031 -0.447895 0.855864
815.pcd -2776.55 5147.37 -9109.1 0.275788 -0.182757 -0.574298 0.748814
816.pcd -2791.47 5152.89 -9152.04 0.686917 -0.407014 -0.486963 0.354049
817.pcd -2806.2 5158.25 -9194.69 0.845265 -0.478654 -0.217634 -0.0951507
818.pcd -2821.02 5164.63 -9238.14 0.717849 -0.400976 0.125896 -0.555033
819.pcd -2834.43 5172.63 -9282.11 -0.358852 0.180905 -0.420184 0.813599
820.pcd -2848.07 5179.19 -9325.73 0.148385 -0.0966748 -0.58221 0.793516
821.pcd -2862.07 5185.61 -9369.68 0.548063 -0.345594 -0.518703 0.557799
822.pcd -2876.05 5192.23 -9413.47 0.798629 -0.496083 -0.314625 0.130783
823.pcd -2890.62 5199.08 -9458.22 0.783551 -0.493238 -0.00994961 -0.377711
824.pcd -2904.52 5207.08 -9503.62 -0.499474 0.315677 -0.297266 0.750004
825.pcd -2918.02 5214 -9548.58 -0.0372317 0.0299569 -0.503104 0.862904
826.pcd -2945.6 5226.9 -9638.97 0.762998 -0.466739 -0.376711 0.240994
827.pcd -2959.55 5233.73 -9685.18 0.837433 -0.500587 -0.0864676 -0.201599
828.pcd -2973.44 5240.37 -9730.83 0.629109 -0.386461 0.235038 -0.632161
829.pcd -2987.09 5247 -9776.55 -0.201016 0.140349 -0.475215 0.845024
830.pcd -3001.07 5253.33 -9822.61 0.303695 -0.148794 -0.551928 0.762237
831.pcd -3014.9 5259.65 -9869.14 0.697239 -0.39059 -0.431165 0.4188
832.pcd -3028.92 5266.04 -9915.96 0.850944 -0.496549 -0.161988 -0.0556141
833.pcd -3042.69 5273.03 -9962.96 0.708899 -0.437358 0.164844 -0.528211
834.pcd -3056.11 5279.82 -10009.6 -0.313997 0.226451 -0.432435 0.814325
835.pcd -3069.75 5286.36 -10056.7 0.158281 -0.0681487 -0.539418 0.824215
836.pcd -3083.84 5293.13 -10103.9 0.59701 -0.340548 -0.477266 0.547562
837.pcd -3097.76 5299.84 -10151.5 0.824083 -0.492364 -0.245088 0.135632
838.pcd -3111.73 5306.89 -10199.4 0.793215 -0.497985 0.0607681 -0.345149
839.pcd -3125.12 5314.01 -10247.2 -0.497359 0.340663 -0.347278 0.718318
840.pcd -3162.04 5334.3 -10382.1 0.710929 -0.405684 -0.371595 0.438084
841.pcd -3174.95 5341.29 -10430.7 0.844349 -0.52522 -0.105107 -0.0130948
842.pcd -3188.11 5348.53 -10479.8 0.718661 -0.483695 0.193208 -0.460691
843.pcd -3201.99 5358.44 -10530.9 -0.435427 0.28365 -0.423269 0.742152
844.pcd -3214.39 5365.44 -10580.1 -0.0310754 0.0126819 -0.548239 0.835648
845.pcd -3224.95 5369.41 -10631.7 0.37386 -0.262029 -0.524518 0.718645
846.pcd -3235.54 5377.72 -10679.4 0.691421 -0.467555 -0.365875 0.41166
847.pcd -3249.97 5384.06 -10732 0.827779 -0.549521 -0.112199 -0.0148273
848.pcd -3261.15 5390.92 -10781.1 0.733459 -0.483832 0.172754 -0.445085
849.pcd -3273.08 5398 -10831.8 -0.438949 0.28417 -0.409122 0.74779
850.pcd -3284.75 5404.73 -10882.8 -0.0256129 0.00672502 -0.533811 0.845189
851.pcd -3296.56 5411.11 -10934.1 0.39434 -0.273497 -0.512279 0.712226
852.pcd -3308.83 5417.16 -10985.7 0.677918 -0.474186 -0.334651 0.451202
853.pcd -3320.86 5423.77 -11037.2 0.816664 -0.567023 -0.0878103 0.0619157
854.pcd -3333.99 5430.89 -11089.8 0.774169 -0.513943 0.180444 -0.322434
855.pcd -3346.06 5438.01 -11142.2 0.518691 -0.353508 0.410431 -0.661466
856.pcd -3357.58 5445 -11195.1 -0.189829 0.0919035 -0.521478 0.826789
857.pcd -3369.53 5451.57 -11248 0.231597 -0.185665 -0.531915 0.793068
858.pcd -3381.61 5457.92 -11301.2 0.594865 -0.415899 -0.406487 0.554917
859.pcd -3393.99 5464.39 -11354.8 0.801442 -0.534506 -0.170542 0.207147
860.pcd -3406.38 5471.3 -11408.6 0.812769 -0.531811 0.10387 -0.213995
861.pcd -3418.59 5478.58 -11462.8 0.619629 -0.395034 0.35135 -0.580139
862.pcd -3430.27 5485.7 -11517.1 -0.277366 0.157542 -0.50938 0.799237
863.pcd -3441.07 5492.52 -11572 0.111396 -0.121444 -0.535001 0.828623
864.pcd -3452.87 5498.68 -11627.2 0.496228 -0.372562 -0.446184 0.644884
865.pcd -3465.17 5505.01 -11682.5 0.746413 -0.524983 -0.236527 0.33364
866.pcd -3477.57 5512.01 -11738.3 0.811421 -0.571016 0.0178369 -0.123369
867.pcd -3489.74 5519.37 -11794.4 0.678067 -0.451404 0.266198 -0.515362
868.pcd -3501.16 5526.81 -11850.8 -0.373435 0.219072 -0.449621 0.781278
869.pcd -3511.72 5533.83 -11907.6 0.0161388 -0.0682244 -0.518078 0.852456
870.pcd -3523.03 5539.67 -11964.8 0.389656 -0.339755 -0.454049 0.725654
871.pcd -3535.17 5545.68 -12022.1 0.679958 -0.533457 -0.291746 0.409834
872.pcd -3547.52 5552.58 -12079.8 0.80039 -0.596316 -0.0591776 -0.0167742
873.pcd -3558.81 5559.93 -12137.4 0.729085 -0.503549 0.189661 -0.422969
874.pcd -3569.78 5566.98 -12195.5 -0.46775 0.292587 -0.395108 0.734501
875.pcd -3580.54 5573.46 -12253.9 -0.0880068 0.00772503 -0.500514 0.861209
876.pcd -3591.83 5579.37 -12312.6 0.34447 -0.27804 -0.491564 0.749932
877.pcd -3603.6 5585.28 -12371.6 0.657231 -0.483158 -0.330862 0.474484
878.pcd -3615.8 5591.83 -12431.2 0.811102 -0.573054 -0.0915746 0.0730594
879.pcd -3626.95 5599.25 -12490.2 0.763598 -0.518986 0.170436 -0.344273
880.pcd -3637.91 5606.48 -12550.1 0.523635 -0.33735 0.390589 -0.677821
881.pcd -3648.47 5613.11 -12610.1 -0.152199 0.0715789 -0.513285 0.841576
882.pcd -3659.36 5619.09 -12670.6 0.260169 -0.212694 -0.507855 0.793194
883.pcd -3670.8 5624.94 -12731.4 0.605741 -0.442673 -0.374435 0.544901
884.pcd -3682.78 5631.27 -12792.5 0.799067 -0.561217 -0.146052 0.15873
885.pcd -3694.31 5638.76 -12853.5 0.79388 -0.536543 0.119043 -0.260202
886.pcd -3705.3 5645.7 -12914.9 0.587152 -0.380211 0.356439 -0.619389
887.pcd -3715.84 5652.5 -12976.8 -0.231041 0.129309 -0.503857 0.822209
888.pcd -3726.49 5658.57 -13038.8 0.18305 -0.154092 -0.52416 0.817316
889.pcd -3737.85 5664.4 -13101.2 0.556625 -0.398886 -0.414908 0.599091
890.pcd -3750.19 5671.8 -13163.1 0.78675 -0.541731 -0.200085 0.217987
891.pcd -3760.6 5679.59 -13226 0.811774 -0.540719 0.0694231 -0.209347
892.pcd -3771.69 5687.46 -13289.5 0.620559 -0.405294 0.321602 -0.589249
893.pcd -3782.12 5694.46 -13353 -0.280682 0.159243 -0.487397 0.811359
894.pcd -3792.52 5700.73 -13416.5 0.134156 -0.124866 -0.530332 0.827743
895.pcd -3804.48 5706.78 -13480.1 0.521285 -0.378179 -0.441701 0.624614
896.pcd -3816.29 5713.2 -13544.3 0.769849 -0.531896 -0.235622 0.26249
897.pcd -3828.21 5720.22 -13608.9 0.827923 -0.542252 0.0359443 -0.138617
898.pcd -3839.83 5727.81 -13673.8 0.669122 -0.431085 0.298352 -0.526715
899.pcd -3860.87 5741.57 -13804.2 0.0689917 -0.0685296 -0.546531 0.831774
900.pcd -3871.93 5747.64 -13869.8 0.46391 -0.327174 -0.470922 0.675261
901.pcd -3883.76 5754 -13935.9 0.735014 -0.501613 -0.269047 0.368447
902.pcd -3894.63 5762.21 -14002.1 0.828009 -0.559148 -0.00673869 -0.0413436
903.pcd -3905.97 5769.87 -14068.5 0.737435 -0.468733 0.258988 -0.411587
904.pcd -3916.35 5776.83 -14134.7 -0.459272 0.279666 -0.469224 0.700489
905.pcd -3925.97 5784.07 -14202.3 -0.0631482 0.0246265 -0.567446 0.820616
906.pcd -3936.61 5790.44 -14269.7 0.35657 -0.23453 -0.529242 0.733318
907.pcd -3947.73 5796.86 -14337.7 0.672983 -0.434226 -0.348266 0.487085
908.pcd -3959.45 5803.89 -14405.8 0.831872 -0.528623 -0.0820066 0.147724
909.pcd -3970.54 5811.8 -14474 0.810621 -0.504055 0.203145 -0.218066
910.pcd -3981.13 5819.5 -14542.6 0.571369 -0.390209 0.444917 -0.568615
911.pcd -3991.38 5826.92 -14611.6 -0.187882 0.1776 -0.574637 0.776499
912.pcd -4001.74 5833.63 -14681 0.242997 -0.0788623 -0.560106 0.788045
913.pcd -4014.47 5840.26 -14748.7 0.35051 -0.294755 -0.298621 0.837309
914.pcd -4026.3 5846.36 -14818.3 0.627207 -0.590634 -0.204875 0.46453
915.pcd -4036.72 5853.34 -14889 0.709115 -0.704644 -0.0246925 0.00487357
916.pcd -4047.87 5861.02 -14961 0.640073 -0.611082 0.160365 -0.437228
917.pcd -4059.34 5867.77 -15031.3 -0.378417 0.364977 -0.297116 0.797066
918.pcd -4070.37 5874.22 -15102.3 -0.0538746 0.0176038 -0.342467 0.937819
919.pcd -4081.71 5880 -15173.5 0.314294 -0.337272 -0.317056 0.82882
920.pcd -4093.7 5885.84 -15244.9 0.596455 -0.599549 -0.204827 0.492776
921.pcd -4105.78 5893.45 -15316 0.71751 -0.694957 -0.0302473 0.0360493
922.pcd -4117.18 5899.53 -15387.1 0.687755 -0.595516 0.164012 -0.381383
923.pcd -4128.68 5905.98 -15458.5 -0.449126 0.364428 -0.311224 0.754067
924.pcd -4136.77 5911.28 -15532.6 -0.152238 0.0329142 -0.358616 0.920399
925.pcd -4147.57 5916.47 -15605.4 0.230282 -0.309504 -0.345859 0.855312
926.pcd -4158.64 5920.72 -15678.3 0.549068 -0.566932 -0.243832 0.563612
927.pcd -4170.93 5925.58 -15753.5 0.725684 -0.661088 -0.0398937 0.186423
928.pcd -4182.35 5931.29 -15828 0.722936 -0.618003 0.158278 -0.265299
929.pcd -4193.27 5936.75 -15902.2 0.550263 -0.4192 0.315638 -0.649503
930.pcd -4203.68 5941.89 -15977.2 -0.212538 0.122582 -0.400202 0.882972
931.pcd -4214.33 5946.36 -16052.7 0.165983 -0.208584 -0.372001 0.889133
932.pcd -4225.56 5950.51 -16128.3 0.512465 -0.487565 -0.258008 0.658097
933.pcd -4237.56 5955.59 -16203.7 0.726364 -0.642854 -0.0874423 0.22691
934.pcd -4249.01 5960.65 -16280.4 0.742996 -0.61201 0.115454 -0.245096
935.pcd -4260.1 5965.75 -16356.9 0.592078 -0.411778 0.288861 -0.629637
936.pcd -4269.59 5971.13 -16435.7 -0.289684 0.112291 -0.39386 0.865072
937.pcd -4279.77 5975.29 -16513.2 0.10686 -0.211848 -0.412828 0.87936
938.pcd -4290.53 5979.18 -16591.1 0.476057 -0.480564 -0.323043 0.661869
939.pcd -4301.83 5983.39 -16669.6 0.720056 -0.622292 -0.148232 0.268887
940.pcd -4313.37 5989.61 -16747.4 0.77825 -0.596723 0.0700883 -0.182583
941.pcd -4333.8 5999.77 -16906.1 -0.431402 0.125385 -0.407924 0.794839
942.pcd -4341.92 6003.77 -16986.9 -0.0718805 -0.181623 -0.462528 0.86482
943.pcd -4351.31 6006.58 -17067.7 0.335592 -0.442744 -0.428564 0.712522
944.pcd -4362.07 6010.6 -17148.2 0.649899 -0.589216 -0.276796 0.392224
945.pcd -4372.91 6014.89 -17229.5 0.807391 -0.587762 -0.0512705 -0.00525656
946.pcd -4383.07 6019.89 -17311.2 0.758377 -0.454556 0.184239 -0.429301
947.pcd -4392.7 6024.78 -17393.3 0.511545 -0.206552 0.373046 -0.745985
948.pcd -4399.11 6030.39 -17476 0.218939 -0.0182852 -0.555453 0.801999
949.pcd -4405.53 6034.43 -17557.2 0.797266 -0.0887034 -0.258099 -0.538408
950.pcd -4411.53 6039.99 -17636.7 0.138659 -0.0165595 0.732531 -0.666256
951.pcd -4417.69 6044.32 -17717.1 0.720164 -0.0940954 -0.671934 -0.144966
952.pcd -4423.88 6048.95 -17794.8 0.556217 -0.0718967 0.341647 -0.754143
953.pcd -4430.3 6053.23 -17874.3 -0.411917 0.0398334 0.867338 -0.27652
954.pcd -4437.24 6057.06 -17954.2 0.786556 -0.0954039 -0.136169 -0.594714
955.pcd -4444 6060.82 -18033.6 0.0325088 -0.0138315 0.789954 -0.612148
956.pcd -4450.34 6063.94 -18113.6 0.767684 -0.0805392 -0.577831 -0.265114
957.pcd -4472.8 6073.5 -18351.1 0.89699 -0.0890079 -0.093933 -0.422686
958.pcd -4480.25 6077.4 -18429.8 0.101375 -0.206503 0.783836 -0.576785
959.pcd -4488.77 6081.68 -18523.5 0.900023 -0.0243969 -0.35657 -0.249441
960.pcd -4494.2 6081.14 -18601.1 0.862938 0.460771 0.00334582 0.207405
961.pcd -4499.95 6084.99 -18680.3 0.554837 -0.554582 0.620144 -0.0040198
962.pcd -4504.51 6087.43 -18761.3 0.621239 0.704109 -0.269047 0.214258
963.pcd -4509.02 6091.71 -18841.7 0.815833 -0.28298 0.501469 0.0535522
964.pcd -4522.4 6109.97 -19147.5 0.779919 0.582796 -0.112768 0.19839
965.pcd -4525.54 6113.91 -19226.8 0.641805 -0.544879 0.533159 -0.0832784
966.pcd -4527.62 6118.69 -19306.3 0.534436 0.67976 -0.396121 0.308857
967.pcd -4529.97 6123.59 -19401.3 0.81926 -0.36877 0.439096 0.00392631
968.pcd -4532.73 6128.05 -19479.6 0.251465 0.735879 -0.549072 0.306214
969.pcd -4534.01 6131.52 -19559 0.971583 0.079705 0.105416 0.19637
970.pcd -4535.52 6134.77 -19638 -0.350075 0.683975 -0.613108 0.183639
971.pcd -4538.37 6144.66 -19719.9 0.648812 0.495121 -0.392329 0.424236
972.pcd -4538.36 6147.17 -19799.1 0.881953 -0.386041 0.264497 -0.056334
973.pcd -4538.71 6150.31 -19879.1 0.260549 0.623209 -0.52663 0.516126
974.pcd -4541.79 6152.33 -19955 0.96874 -0.156482 0.0582854 0.183465
975.pcd -4541.9 6155.87 -20034.5 -0.143222 0.716839 -0.530168 0.429594
976.pcd -4541.57 6162.34 -20193.7 -0.462188 0.681425 -0.470971 0.316589
977.pcd -4540.96 6165.36 -20273.4 0.765604 0.358175 -0.301085 0.441485
978.pcd -4540.38 6168.38 -20353 0.730626 -0.540277 0.389281 -0.150819
979.pcd -4539.34 6171.5 -20432.9 0.477697 0.550727 -0.459101 0.507673
980.pcd -4538.38 6174.26 -20512.7 0.92235 -0.314658 0.215222 0.0627758
981.pcd -4537.09 6177.4 -20592.6 0.118384 0.670392 -0.547157 0.48701
982.pcd -4535.77 6180.08 -20672.6 0.967089 -0.0611368 0.00864456 0.246832
983.pcd -4534.25 6183.04 -20752.3 -0.248567 0.693548 -0.550132 0.393141
984.pcd -4531.99 6186.37 -20833.6 0.874395 0.201813 -0.199333 0.393664
985.pcd -4530.27 6189.1 -20913.4 0.579915 -0.61591 0.474702 -0.242924
986.pcd -4528.23 6191.88 -20993.6 0.654755 0.437724 -0.379743 0.485272
987.pcd -4521.78 6195.68 -21073 0.828313 -0.44821 0.331539 -0.0555658
988.pcd -4517.34 6200.35 -21203.2 0.91594 0.129049 -0.137416 0.354284
989.pcd -4513.65 6204.05 -21283.4 0.55163 -0.58216 0.555359 -0.219933
990.pcd -4509.43 6208 -21364.5 0.616147 0.449713 -0.441003 0.472903
991.pcd -4505.54 6209.86 -21447.6 0.879445 -0.356941 0.314874 0.00497913
992.pcd -4501.07 6213.42 -21528.1 0.171695 0.625038 -0.601517 0.466932
993.pcd -4497.58 6216.09 -21607.3 0.949354 -0.0134602 -0.0111897 0.313719
994.pcd -4493.59 6218.87 -21687.1 -0.375229 0.658888 -0.577168 0.303226
995.pcd -4484.68 6223.65 -21846.7 0.757602 -0.481715 0.43605 -0.0620529
996.pcd -4474.73 6226.04 -21928 0.385346 0.594695 -0.519046 0.477952
997.pcd -4467.75 6228.82 -22007.3 0.946238 -0.160767 0.166813 0.225747
998.pcd -4462.09 6231.2 -22087 -0.13433 0.702416 -0.598786 0.360586
999.pcd -4455.97 6235.12 -22168.4 0.88047 0.203849 -0.142074 0.403773
1000.pcd -4450.58 6237.69 -22248.3 0.586313 -0.599741 0.522967 -0.151834
1001.pcd -4443.41 6238.47 -22327.1 0.615113 0.521717 -0.37899 0.453667
1002.pcd -4438.56 6240.59 -22407.1 0.861668 -0.36462 0.348416 0.0564621
1003.pcd -4414.27 6247.02 -22647.8 -0.256978 0.738748 -0.534814 0.319667
1004.pcd -4405.78 6248.36 -22725.3 0.863998 0.273999 -0.146811 0.396079
1005.pcd -4398.14 6251.36 -22805.6 0.574102 -0.636775 0.48491 -0.172588
1006.pcd -4392.02 6254.5 -22887.2 0.52027 0.482704 -0.429987 0.558057
1007.pcd -4383.91 6257.58 -22968.1 0.88788 -0.381427 0.254304 0.0388761
1008.pcd -4364.62 6265.17 -23156.8 0.874614 -0.401251 0.271452 0.0190264
1009.pcd -4356.98 6268.19 -23237.3 0.265241 0.653483 -0.472018 0.528967
1010.pcd -4349.44 6269.46 -23320.9 0.956955 -0.23973 0.133893 0.0940183
1011.pcd -4328.08 6273.4 -23501.8 0.901583 -0.364301 0.233308 0.000795549
1012.pcd -4318.49 6276.17 -23582.2 0.365045 0.668285 -0.40674 0.504678
1013.pcd -4308.93 6278.48 -23663.7 0.906402 -0.353116 0.231164 0.0175423
1014.pcd -4299.05 6280.81 -23744.3 0.345734 0.675764 -0.411847 0.504176
1015.pcd -4289.06 6282.9 -23825.3 0.915082 -0.327646 0.227591 0.058952
1016.pcd -4278.68 6284.78 -23906.2 0.305326 0.698492 -0.412685 0.498575
1017.pcd -4268.39 6286.43 -23987 0.926766 -0.290541 0.215031 0.102237
1018.pcd -4258.13 6287.99 -24068 0.242523 0.712712 -0.435577 0.493454
1019.pcd -4240.39 6290.01 -24198.1 -0.384637 0.727942 -0.469073 0.319572
1020.pcd -4229.5 6289.19 -24278.7 0.899833 0.23203 -0.0959387 0.356734
1021.pcd -4217.95 6288.85 -24360 -0.179419 0.75896 -0.427073 0.457598
1022.pcd -4205.33 6291.68 -24439 0.981404 -0.160882 0.103763 0.0140237
1023.pcd -4191.95 6290.45 -24520.1 0.390426 0.572893 -0.4706 0.5458
1024.pcd -4174.96 6289.18 -24632.6 -0.167499 0.653541 -0.519739 0.524118
1025.pcd -4146.85 6284.83 -24824.5 0.884061 0.236416 -0.214384 0.341442
1026.pcd -4134.89 6281.72 -24905.8 -0.158131 0.673246 -0.488994 0.53162
1027.pcd -4119.67 6281.14 -24970.7 0.96458 -0.121436 0.0704874 0.223318
1028.pcd -4107.06 6277.9 -25050.6 0.157923 0.630328 -0.46742 0.599387
1029.pcd -4094.56 6272.35 -25129.9 0.890117 -0.384882 0.211295 -0.122116
1030.pcd -4081.55 6268.05 -25209.2 0.576576 0.441309 -0.39628 0.561932
1031.pcd -4072.02 6264.12 -25287.2 0.68184 -0.543716 0.374946 -0.314456
1032.pcd -4055.74 6259.2 -25390.4 0.979945 -0.0947599 -0.00625486 0.175182
1033.pcd -4042.14 6255.21 -25470.7 0.104135 -0.588971 0.794728 -0.103324
1034.pcd -4030.55 6254.08 -25552.1 0.897751 0.346842 0.252245 0.100586
1035.pcd -4016.31 6249.78 -25632.5 0.0179988 -0.619966 0.77064 -0.146396
1036.pcd -4001.58 6245.51 -25712.7 0.896413 0.356634 0.235436 0.11758
1037.pcd -3986.74 6240.9 -25792.5 0.0693959 -0.597135 0.781607 -0.166443
1038.pcd -3971.49 6236.37 -25872.2 0.894824 0.372843 0.212372 0.123191
1039.pcd -3956.2 6231.57 -25951.2 0.0979176 -0.582513 0.790365 -0.162525
1040.pcd -3940.68 6226.55 -26032.1 0.89386 0.379429 0.203538 0.12498
1041.pcd -3925.35 6221.39 -26111.4 0.110228 -0.57606 0.793936 -0.160222
1042.pcd -3877.87 6205.77 -26351.4 0.798164 0.486589 -0.0247486 0.354333
1043.pcd -3862.52 6199.12 -26433.5 0.461019 -0.507678 0.72229 -0.0895674
1044.pcd -3846.93 6192.82 -26515.4 0.72924 0.562708 -0.131375 0.366481
1045.pcd -3830.85 6185.89 -26600.6 0.534841 -0.45318 0.711167 -0.053058
1046.pcd -3815.26 6179.42 -26682.2 0.686406 0.606531 -0.183874 0.35659
1047.pcd -3798.11 6172.77 -26764.7 0.645202 -0.2081 0.725725 0.117182
1048.pcd -3720.84 6140.39 -27156.2 0.520436 -0.357286 0.774819 0.0338792
1049.pcd -3700.46 6132.82 -27252.7 0.705056 0.576626 -0.159026 0.380932
1050.pcd -3683.43 6126.63 -27334.3 0.626885 -0.224589 0.736885 0.116516
1051.pcd -3666.36 6121.02 -27415.3 -0.311822 -0.618808 0.622896 -0.363103
1052.pcd -3649.44 6115.05 -27497.3 0.847109 0.21156 0.305129 0.38019
1053.pcd -3630.32 6107.91 -27590.2 0.127964 -0.534607 0.816527 -0.176366
1054.pcd -3613.22 6102.02 -27671.3 0.769522 0.46969 -0.0955868 0.422008
1055.pcd -3587.35 6099.4 -27757.3 0.600301 -0.231143 0.76006 0.0923074
1056.pcd -3570.11 6093.84 -27839 0.452841 0.671139 -0.493601 0.317593
1057.pcd -3552.52 6088.93 -27921.2 0.794057 0.137017 0.509704 0.3015
1058.pcd -3534.75 6082.69 -28006.7 -0.0302411 -0.615639 0.771358 -0.158371
1059.pcd -3517.22 6076.98 -28087.9 0.762526 0.476165 0.0552409 0.434476
1060.pcd -3500.6 6070.68 -28170.4 0.466543 -0.456746 0.755828 0.0494369
1061.pcd -3481.38 6064.39 -28260.8 0.645848 0.61008 -0.155381 0.431902
1062.pcd -3462.51 6054.85 -28345.3 0.635087 -0.274653 0.701187 0.17195
1063.pcd -3436.99 6047.22 -28464.8 0.73 0.5272 -0.00912349 0.43483
1064.pcd -3393.42 6036.15 -28670.3 0.79086 0.414937 0.141181 0.427125
1065.pcd -3375.06 6032.08 -28752.9 0.376004 -0.55003 0.745631 -0.0110211
1066.pcd -3356.3 6028.38 -28835.8 0.548059 0.644456 -0.236678 0.477798
1067.pcd -3337.28 6024.08 -28918.7 0.732803 -0.111527 0.591933 0.316507
1068.pcd -3318.76 6020.11 -29000.4 0.0752162 0.761636 -0.58838 0.260889
1069.pcd -3299.77 6016.38 -29083.7 0.769952 0.350678 0.223064 0.484192
1070.pcd -3222.87 6001.34 -29416.7 0.0318837 0.754078 -0.611606 0.237249
1071.pcd -3195.41 5995.02 -29535.4 0.767229 -0.0017318 0.51705 0.379495
1072.pcd -3130.24 5975.74 -29823.1 -0.153538 0.697119 -0.688398 0.128683
1073.pcd -3042.71 5964.07 -30197.4 0.648755 -0.275623 0.667358 0.240379
1074.pcd -2940.69 5935.29 -30674 0.367047 -0.57606 0.730255 0.012619
1075.pcd -2818.66 5922.96 -31264.1 0.746871 0.420195 0.14917 0.493323
1076.pcd -2686.35 5901.58 -31991.4 0.683845 0.535135 0.010325 0.495862
1077.pcd -2516.48 5900.77 -32775.5 0.683898 -0.2153 0.640335 0.275501
1078.pcd -2494.54 5901.47 -32862.7 0.148994 0.753618 -0.560631 0.309119
1079.pcd -2471.12 5902.52 -32953.2 0.801283 0.248799 0.303146 0.451826
1080.pcd -2447.57 5901.72 -33039.8 0.146025 0.829511 0.387935 0.374291
1081.pcd -2389.96 5899.08 -33205 0.0586359 0.984624 -0.0459828 -0.157997
1082.pcd -2360.39 5898.51 -33288.2 0.414038 0.0846722 0.727313 0.540758
1083.pcd -2302.53 5896.05 -33453.9 0.479566 0.676992 0.373535 0.414934
1084.pcd -2265.29 5894.05 -33561.6 0.0828226 -0.640684 0.679026 0.348694
1085.pcd -2197.41 5891.33 -33750.6 0.25265 -0.347059 0.767599 0.475931
1086.pcd -2166.83 5892.79 -33836.7 0.298365 0.928774 -0.203621 0.0830381
1087.pcd -2139.46 5890.82 -33920.8 0.487187 0.321091 0.622338 0.521771
1088.pcd -2097.68 5887.56 -34046.6 0.240919 0.922261 -0.302101 0.0113097
1089.pcd -2026.74 5885.19 -34257.5 0.190585 0.904448 -0.378667 -0.0475603
1090.pcd -1998.23 5881.91 -34341.5 0.455746 0.587168 0.42463 0.516932
1091.pcd -1939.27 5875.29 -34512.4 0.244185 0.911981 -0.230179 0.235969
1092.pcd -1909.65 5871.95 -34598.5 0.5722 0.237796 0.514834 0.59244
1093.pcd -1880.33 5868.8 -34682.7 -0.212315 0.707731 -0.651531 -0.171893
1094.pcd -1849.75 5865.91 -34771.1 0.466348 0.745639 0.04865 0.473471
1095.pcd -1790.73 5859.62 -34945.8 0.114315 0.891299 -0.413905 0.145605
1096.pcd -1759.94 5855.83 -35030.5 0.649856 0.348465 0.436796 0.515236
1097.pcd -1729.94 5849.95 -35112.6 0.242893 -0.561659 0.765704 0.19809
1098.pcd -1698.83 5842.56 -35200.5 0.437686 0.786769 -0.211099 0.380607
1099.pcd -1666.13 5838.2 -35293.1 0.602567 0.0115556 0.633549 0.485175
1100.pcd -1631.87 5834.14 -35375.6 0.0224559 -0.693492 0.72002 -0.0116689
1101.pcd -1511.7 5815.18 -35716 0.683962 0.478643 0.257886 0.486406
1102.pcd -1482.87 5808.15 -35800 0.384071 -0.345489 0.813417 0.267355
1103.pcd -1449.94 5801.89 -35891.9 0.417646 0.790051 -0.349511 0.281483
1104.pcd -1420.54 5796.31 -35977.6 0.642789 0.279086 0.507873 0.500997
1105.pcd -1387.77 5789.89 -36070.1 0.102739 -0.646949 0.747657 0.109132
1106.pcd -1324.25 5779.37 -36247.3 0.514259 -0.123123 0.740164 0.415374
1107.pcd -1233.36 5761.32 -36514.9 0.313053 -0.436991 0.799485 0.268068
1108.pcd -1116.34 5747.46 -36874 0.563092 0.712138 -0.00579594 0.419231
1109.pcd -981.283 5734.83 -37338.7 0.370813 0.822085 -0.344134 0.261239
1110.pcd -805.667 5711.51 -37874 0.628339 0.581714 0.198753 0.476755
1111.pcd -775.599 5702.3 -37960.6 0.399904 -0.239594 0.802423 0.372544
1112.pcd -745.819 5694.69 -38045.9 0.269217 0.80054 -0.517135 0.13867
1113.pcd -716.33 5686.46 -38132.7 0.640719 0.47438 0.342358 0.497225
1114.pcd -675.374 5674.48 -38252.5 0.0391556 -0.641645 0.758248 0.10871
1115.pcd -645.418 5666.68 -38338.5 0.462953 0.718395 -0.212032 0.473946
1116.pcd -585.495 5649.53 -38511 0.113846 -0.695856 0.708978 -0.0131883
1117.pcd -525.801 5632.59 -38683.5 0.601233 -0.120524 0.643055 0.458774
1118.pcd -466.211 5615.73 -38856 0.61049 0.550181 0.0664404 0.565852
1119.pcd -377.797 5591.28 -39116.5 0.654065 0.435449 0.205445 0.583417
1120.pcd -319.018 5575.07 -39289.9 0.254633 0.788544 -0.45981 0.319273
1121.pcd -260.335 5560.77 -39463.6 0.345993 -0.515097 0.758875 0.19767
1122.pcd -172.462 5538.89 -39722 0.234385 -0.576629 0.774952 0.109603
1123.pcd -60.6412 5511.96 -40079.4 0.553745 0.66561 -0.108035 0.488528
1124.pcd 131.875 5469.71 -40709.4 0.468895 -0.32597 0.758818 0.313172
1125.pcd 235.308 5435.96 -41081.2 0.356343 0.769388 -0.39522 0.353359
1126.pcd 369.856 5401.45 -41590.6 0.146234 0.766915 -0.59327 0.196182
1127.pcd 468.82 5355.8 -41963.7 0.649887 0.373314 0.291101 0.594595
1128.pcd 694.811 5262.51 -42792 0.613617 -0.0264462 0.597366 0.515683
1129.pcd 820.696 5212.01 -43252.4 0.614804 0.514018 0.138511 0.581908
1130.pcd 1017.06 5167.38 -43994.4 0.401085 0.761155 -0.272036 0.431011
1131.pcd 1178.29 5140.65 -44511.3 0.554867 0.628262 -0.0150014 0.545146
1132.pcd 1338.03 5135.12 -45027.5 0.641666 0.420672 0.242951 0.593527
1133.pcd 1477 5141.73 -45441.8 0.368242 0.775426 -0.314766 0.405012
1134.pcd 1708.89 5153.12 -46078.8 0.00802936 0.761563 -0.640504 0.0985443
1135.pcd 1905.68 5167.31 -46644.8 0.653674 0.34017 0.32295 0.593884
1136.pcd 2045.04 5203.41 -47047.6 0.425087 0.74849 -0.238389 0.449706
1137.pcd 2214.6 5228 -47523.8 0.570859 0.604042 0.0210904 0.555705
1138.pcd 2416.34 5253.8 -48065.7 0.390894 -0.453125 0.751976 0.276427
1139.pcd 2565.66 5277.42 -48438.7 0.646041 0.12072 0.502957 0.56133
1140.pcd 2716.01 5314.83 -48805.6 0.549627 0.635626 -0.0254012 0.54152
1141.pcd 2928.94 5381.9 -49310.7 0.42236 -0.411848 0.746365 0.308111
1142.pcd 3078 5424.3 -49675 0.652656 0.174882 0.463089 0.573589
1143.pcd 3221.45 5481.6 -50049.8 0.525982 0.665017 -0.0727091 0.525176
1144.pcd 3365.19 5549.09 -50421.7 0.1122 0.792266 -0.568818 0.19019
1145.pcd 3598.47 5634.73 -51003.4 0.265078 -0.587957 0.748627 0.153618
1146.pcd 3740.41 5694.11 -51373 0.604779 -0.0544389 0.613186 0.505255
1147.pcd 3944.9 5755.57 -51889.6 0.262994 0.800252 -0.434427 0.31891
1148.pcd 4169.94 5876.6 -52491.7 -0.0290602 0.74605 -0.662051 0.0652267
1149.pcd 4197.19 5884.84 -52565.6 0.461181 0.59503 -0.113034 0.64844
1150.pcd 4262.87 5901.75 -52740.7 0.1589 0.778313 -0.421018 0.437862
1151.pcd 4356.8 5923.43 -52983.5 0.492263 0.558916 -0.0698566 0.663634
1152.pcd 4506.97 5941.77 -53365.2 0.305446 0.716572 -0.29316 0.554333
1153.pcd 4589.01 5948.98 -53567.1 0.353121 0.686566 -0.2442 0.58677
1154.pcd 4617.94 5949 -53635.2 0.618825 -0.00971491 0.430479 0.657
1155.pcd 4646.36 5949.31 -53702.2 -0.265982 0.769105 -0.581135 -0.00357097
1156.pcd 4673.68 5951.14 -53769.7 0.428752 0.641316 -0.0186566 0.636033
1157.pcd 4727.98 5951.5 -53900.7 -0.115149 0.854031 -0.486885 0.142527
1158.pcd 4758.2 5950.85 -53968.2 0.423461 0.510239 0.0231839 0.748197
1159.pcd 4874.34 5947.31 -54235.3 0.509314 -0.643937 0.499931 0.275703
1160.pcd 4902.35 5948.53 -54300.5 0.133555 0.792296 -0.229584 0.549292
1161.pcd 4936.61 5949.71 -54380.6 0.629878 -0.217572 0.40123 0.628435
1162.pcd 4965.01 5949.87 -54445.2 -0.234886 0.834929 -0.478002 0.138692
1163.pcd 5302.44 5958.4 -55255.8 0.511497 0.419971 0.079605 0.745425
1164.pcd 5454.67 5953.21 -55619.1 0.444768 0.527279 -0.000417445 0.723988
1165.pcd 5633.65 5952.15 -56024.2 0.641264 -0.281367 0.446869 0.556706
1166.pcd 5842.96 5946.21 -56456.7 0.451789 0.517248 0.00746111 0.726832
1167.pcd 6060.98 5987.83 -56970.8 0.522938 0.398341 0.0947135 0.747589
1168.pcd 6307.76 6028.49 -57484.9 0.506878 -0.633258 0.529726 0.247891
1169.pcd 6573.98 6092.66 -57979.2 0.651859 -0.139507 0.391312 0.634423
1170.pcd 6852.29 6187.24 -58634.4 0.574646 -0.514712 0.513248 0.376071
1171.pcd 7108.57 6406.72 -59356.6 0.343693 0.64785 -0.103597 0.671888
1172.pcd 7127.08 6430.2 -59425.5 0.62893 -0.235747 0.437758 0.597694
1173.pcd 7154.54 6466.48 -59528.8 0.19134 0.778142 -0.211178 0.559722
1174.pcd 7172.89 6491.98 -59596 0.697315 -0.070222 0.366657 0.611869
1175.pcd 7190.55 6517.1 -59664.1 -0.276598 0.809179 -0.494323 0.156105
1176.pcd 7208.82 6542.73 -59732.6 0.50965 0.442116 0.256189 0.692212
1177.pcd 7245.69 6593.63 -59870.4 0.267317 0.760722 0.0789209 0.586187
1178.pcd 7283.38 6644.7 -60008.4 -0.0312068 0.925504 -0.115407 0.359375
1179.pcd 7302.66 6670.05 -60076.6 0.747895 -0.343275 0.290504 -0.488286
1180.pcd 7381.6 6769.62 -60346.5 0.967634 -0.100235 -0.186559 0.137232
1181.pcd 7445.53 6848.38 -60546.6 0.727144 -0.348119 0.305662 -0.506602
1182.pcd 7534.15 6958.19 -60809.4 0.973035 -0.112858 -0.167832 0.110896
1183.pcd 7623.47 7062.36 -61071.7 0.53334 0.217729 -0.511378 0.637679
1184.pcd 7716.31 7175.05 -61328.6 -0.357894 0.383599 -0.492429 0.694462
1185.pcd 7793.63 7259.33 -61521.8 0.466274 0.241994 -0.528518 0.666855
1186.pcd 7890.45 7364.83 -61756.5 0.762868 -0.338664 0.294348 -0.465509
1187.pcd 7962.13 7448.9 -61944.2 -0.0336276 0.348982 -0.564699 0.747125
1188.pcd 8117.07 7602.36 -62326.2 0.976287 -0.188782 0.000609808 -0.105947
1189.pcd 8234.01 7702.23 -62582.6 0.699506 0.143106 -0.458924 0.528774
1190.pcd 8355.2 7794.29 -62843.5 -0.117679 0.35856 -0.553977 0.742089
1191.pcd 8439.14 7863.98 -63032.4 0.648238 0.129981 -0.484048 0.573227
1192.pcd 8545.9 7949.54 -63284.9 -0.16694 0.344275 -0.52438 0.760678
1193.pcd 8724.94 8089.57 -63722.1 -0.161912 0.343682 -0.525409 0.761323
1194.pcd 8798.93 8138.89 -63911.1 0.655918 0.12638 -0.481085 0.567765
1195.pcd 8878.78 8185.96 -64121.6 0.863465 -0.298797 0.165806 -0.371022
1196.pcd 8994.46 8264.72 -64450.9 -0.192648 0.347127 -0.518805 0.75712
1197.pcd 9074.9 8306.02 -64637.7 0.610134 0.117495 -0.50023 0.603077
1198.pcd 9156.32 8348.29 -64823.6 0.972492 -0.201533 -0.101508 -0.0577892
1199.pcd 9268.66 8402.34 -65070.7 0.690084 0.0800523 -0.471103 0.543541
1200.pcd 9397.62 8468.26 -65374.6 0.942589 -0.104824 -0.260236 0.181147
1201.pcd 9468.82 8502.5 -65555.6 0.750439 -0.334992 0.243137 -0.515273
1202.pcd 9547.26 8533.59 -65737.8 0.0626866 0.287829 -0.545046 0.784952
1203.pcd 9645.54 8572.31 -65978.4 0.677047 -0.345437 0.296565 -0.578212
1204.pcd 9715.26 8597.56 -66157.8 0.17206 0.262839 -0.552255 0.772221
1205.pcd 9789.6 8617.78 -66338.6 0.876694 -0.036791 -0.350542 0.327374
1206.pcd 9880.95 8641.23 -66577.3 0.276671 0.235188 -0.552458 0.750286
1207.pcd 9993.24 8676.51 -66868.9 0.70817 0.0708073 -0.463288 0.528059
1208.pcd 10060.3 8688.7 -67045.6 0.955901 -0.240162 -0.0243831 -0.167277
1209.pcd 10128.5 8707.32 -67217.2 -0.422772 0.351531 -0.428382 0.717063
1210.pcd 10194.9 8722.43 -67389.9 0.473836 0.171898 -0.532948 0.67963
1211.pcd 10284.9 8732.25 -67621.3 -0.319672 0.344943 -0.465611 0.749687
1212.pcd 10347.9 8737.86 -67793.3 0.566746 0.135951 -0.512724 0.630421
1213.pcd 10448 8736.16 -68079.7 0.888284 -0.046769 -0.338458 0.306936
1214.pcd 10537.8 8741.17 -68356.9 0.96809 -0.217595 -0.0705295 -0.102372
1215.pcd 10613.1 8742.21 -68568.6 0.548108 0.143598 -0.517466 0.641238
1216.pcd 10677.3 8749.25 -68729.2 0.971309 -0.179296 -0.151689 0.0374483
1217.pcd 11149.3 8811.51 -69736.1 0.878989 -0.311679 0.112103 -0.343026
1218.pcd 11459.7 8938.49 -70355.7 0.525353 0.158217 -0.508433 0.663678
1219.pcd 12026.4 9109.16 -71119.5 0.0511866 0.303145 -0.530146 0.790208
1220.pcd 12462 9300.08 -71925.6 0.412205 0.201182 -0.527615 0.715007
1221.pcd 12500.4 9289.07 -72051.3 0.932529 -0.13355 -0.247127 0.226896
1222.pcd 12769 9197.53 -72802.9 -0.0158415 0.329124 -0.489705 0.807227
1223.pcd 12885 9063.02 -73328.6 0.951554 -0.279331 -0.0357758 -0.123449
1224.pcd 12951 8721.83 -73973.5 0.898741 -0.0912298 -0.294596 0.311698
1225.pcd 12998.8 8683.66 -74085.4 0.855442 -0.342079 0.091913 -0.377826
1226.pcd 13118.9 8605.98 -74339 0.926029 -0.30406 -0.0117147 -0.22334
1227.pcd 13190.7 8554.9 -74482 0.690405 0.0350417 -0.448183 0.566784
1228.pcd 13279.6 8499.32 -74656 0.852441 -0.0730908 -0.358074 0.373878
1229.pcd 13323 8471.29 -74754.8 0.908686 -0.317018 0.0194179 -0.270948
1230.pcd 13365.4 8452.16 -74845.6 -0.0916961 0.422995 -0.176544 0.884025
1231.pcd 13455.1 8358.4 -75057.9 0.548599 -0.599393 0.0577647 -0.580027
1232.pcd 13488.2 8315.06 -75143.5 -0.0561841 0.403759 -0.183037 0.894606
1233.pcd 13551.6 8243.75 -75283.6 -0.137205 0.446349 -0.167801 0.868211
1234.pcd 13602.1 8169.13 -75386.8 0.820019 -0.561658 -0.0647894 0.0889443
1235.pcd 13693.2 8031.97 -75558.5 0.721158 -0.219258 -0.151131 0.639544
1236.pcd 13739.3 7966.59 -75656.4 -0.19623 0.540566 -0.123585 0.808708
1237.pcd 13783.1 7908.1 -75760.2 0.792977 -0.606338 -0.0410593 -0.0430721
1238.pcd 13856 7804.11 -75902.7 0.163148 0.327858 -0.163456 0.916064
1239.pcd 13887 7777.79 -75952.7 -0.41744 0.609101 -0.165639 0.653684
1240.pcd 14021.2 7666.85 -76147.8 0.0236515 0.444146 -0.225366 0.866825
1241.pcd 14083.5 7619.22 -76221.3 0.482301 0.111553 -0.228735 0.838226
1242.pcd 14266.2 7473.84 -76432.3 0.552748 -0.619094 0.11568 -0.54572
1243.pcd 14466 7314.54 -76651.6 0.57525 -0.621048 0.108742 -0.521117
1244.pcd 14672.9 7089.13 -76848 0.0275081 0.418992 -0.221699 0.880079
1245.pcd 14762.1 7012.5 -76907.1 0.646502 -0.00873028 -0.20658 0.734359
1246.pcd 14957.6 6825.39 -77031 0.21685 0.333946 -0.243407 0.884426
1247.pcd 15003.1 6778.86 -77061.4 -0.3718 0.572588 -0.247486 0.687501
1248.pcd 15141.7 6623.46 -77146.3 0.657831 0.0427296 -0.241476 0.712125
1249.pcd 15185.9 6567.43 -77171.2 0.164083 0.383173 -0.299946 0.858072
1250.pcd 15253.1 6484.54 -77208.1 0.650584 0.0495509 -0.243553 0.717612
1251.pcd 15321.1 6405.73 -77244.9 0.899592 -0.318288 -0.0879065 0.28583
1252.pcd 15403.3 6305.7 -77288.3 0.165168 0.382664 -0.299941 0.858093
1253.pcd 15508.8 6198.46 -77343.1 0.151611 0.389506 -0.299932 0.85752
1254.pcd 15527.4 6174.35 -77351.4 0.893395 -0.306361 -0.0943628 0.314775
1255.pcd 15755.6 5917.15 -77448.2 0.615415 0.0791867 -0.247062 0.744281
1256.pcd 15841.4 5823.05 -77479.2 -0.131384 0.511687 -0.27881 0.801985
1257.pcd 15932.2 5713.09 -77507 0.189886 0.371263 -0.293777 0.860118
1258.pcd 16061.8 5529.78 -77535.6 -0.0561727 0.484087 -0.285622 0.825181
1259.pcd 16229.7 5198 -77541.5 0.902947 -0.361393 -0.0629373 0.223877
1260.pcd 16290.5 5045.69 -77529.6 0.234492 0.346961 -0.292816 0.859588
1261.pcd 16370 4856.7 -77513.6 0.221054 0.354259 -0.293241 0.860026
1262.pcd 16463.6 4647.7 -77491 0.917425 -0.324303 -0.0886023 0.212857
1263.pcd 16618.4 4253.64 -77426.6 0.558445 -0.562561 0.217965 -0.569347
1264.pcd 16716.9 4006.52 -77382.9 0.745905 -0.0307769 -0.245601 0.618351
1265.pcd 16815.9 3795.39 -77355.6 0.616192 0.00479047 -0.288262 0.732932
1266.pcd 16993.6 3299.19 -77248.3 0.242683 0.265076 -0.307904 0.880928
1267.pcd 17110.9 2855.44 -77133.4 0.0784048 0.352164 -0.296287 0.884334
1268.pcd 17145.7 2549.41 -77035.4 0.896737 -0.327598 -0.166858 0.246375
1269.pcd 17188.5 2076.41 -76874.4 0.21226 0.275073 -0.332453 0.876787
1270.pcd 17230.1 1678.4 -76738.5 -0.131545 0.427942 -0.291186 0.845442
