0.pcd 2.21342e-05 4.76154e-07 0.000790382 0.979809 0.000381591 0.199936 1.9842e-05
1.pcd 0.550644 -0.00657476 -0.00961874 0.983955 -0.00700814 0.17827 -0.00183385
2.pcd 1.08535 -0.0323547 -0.0159845 0.982102 -0.00256886 0.183908 -0.0405714
3.pcd 1.59534 -0.113992 -0.001137 0.981162 -0.00119195 0.186886 -0.0489159
4.pcd 2.10562 -0.17549 -0.0155041 0.976059 0.00543465 0.187985 -0.109278
5.pcd 2.64862 -0.282294 -0.0326239 0.980278 0.00174423 0.183778 -0.072653
6.pcd 3.1501 -0.353266 -0.030853 0.980484 0.000553984 0.182927 -0.072039
7.pcd 3.64116 -0.420014 -0.0389018 0.981107 0.004381 0.192837 0.0149823
8.pcd 3.61994 -0.365041 -0.0291391 0.97493 -0.0200085 0.187837 0.117597
9.pcd 3.58159 -0.332578 -0.0385644 0.959901 -0.048196 0.183325 0.206542
10.pcd 3.49788 -0.386427 -0.0372019 0.976015 -0.0208057 0.188327 0.107209
11.pcd 3.41582 -0.350783 -0.041782 0.956974 -0.0573774 0.190969 0.210806
12.pcd 3.34548 -0.334796 -0.0482285 0.930516 -0.075519 0.184378 0.307313
13.pcd 3.30836 -0.316941 -0.0616057 0.898438 -0.0917212 0.174014 0.392576
14.pcd 3.27956 -0.293413 -0.0644561 0.850512 -0.109156 0.167999 0.486302
15.pcd 3.24621 -0.283584 -0.0648931 0.799554 -0.123679 0.153917 0.56721
16.pcd 3.20801 -0.273168 -0.0508497 0.736989 -0.1409 0.139192 0.646235
17.pcd 3.17086 -0.276425 -0.0541123 0.664916 -0.157741 0.130401 0.718332
18.pcd 3.14557 -0.31192 -0.0402913 0.594105 -0.168031 0.10844 0.779131
19.pcd 3.11897 -0.333016 -0.0389395 0.51265 -0.182213 0.0986935 0.833215
20.pcd 3.08943 -0.350362 -0.0363662 0.429246 -0.18677 0.0748062 0.880494
21.pcd 3.06025 -0.371395 -0.0422701 0.335465 -0.198032 0.0604537 0.919017
22.pcd 3.03811 -0.398242 -0.0391946 0.245036 -0.197041 0.0391632 0.948472
23.pcd 3.02288 -0.427733 -0.0337094 0.154982 -0.200351 0.0227507 0.967121
24.pcd 2.5244 -0.335768 -0.0223403 0.147138 -0.176991 0.0213748 0.972917
25.pcd 2.03153 -0.145606 -0.0313798 0.14029 -0.187635 0.0260176 0.97182
26.pcd 1.52497 0.00821843 -0.0718604 0.0862567 -0.18518 0.0224592 0.978654
27.pcd 1.01109 0.17746 -0.0334551 0.0613785 -0.181531 0.00633496 0.981448
28.pcd 0.497376 0.275305 -0.0471892 0.0270598 -0.178698 -0.00858405 0.983494
29.pcd 0.0773002 -0.030763 -0.0450643 0.0175389 -0.188461 0.00178994 0.981923
30.pcd 0.0339439 -0.0717838 -0.0640378 -0.0717654 -0.209646 -0.013718 0.975044
31.pcd 0.0563735 -0.0933606 -0.0704327 -0.170464 -0.203616 -0.034033 0.963496
32.pcd 0.114181 -0.1102 -0.0785934 -0.309659 -0.191218 -0.0620619 0.929352
33.pcd 0.168428 -0.140547 -0.0836297 -0.445992 -0.174655 -0.0976186 0.872386
34.pcd 0.243045 -0.154336 -0.0807254 0.607187 0.152026 0.134436 -0.768205
35.pcd 0.31702 -0.158294 -0.0699945 0.717005 0.123169 0.152358 -0.668969
36.pcd 0.35401 -0.140402 -0.0782851 0.778885 0.11595 0.167297 -0.593217
37.pcd 0.387512 -0.112506 -0.0652646 0.859785 0.0852881 0.181053 -0.469803
38.pcd 0.393825 -0.0832025 -0.0682169 0.902217 0.0672502 0.184401 -0.384028
39.pcd 0.406467 -0.0519383 -0.0907712 0.936835 0.0414488 0.190796 -0.290206
40.pcd 0.412403 -0.0189914 -0.0910118 0.959432 0.0260299 0.201217 -0.195765
41.pcd 0.416355 0.0216246 -0.0762863 0.97561 -0.00180924 0.195146 -0.1005
42.pcd 0.411423 0.0517771 -0.0693045 0.980005 -0.0189703 0.197881 -0.00856483
43.pcd 0.403702 0.0387553 -0.061262 0.973307 0.0128438 0.20968 -0.092423
