0.pcd -3.22998e-05 -7.78319e-06 -0.000126016 0.979358 0.0021221 0.202123 1.73196e-05
1.pcd 0.517125 0.0148647 0.00513686 0.978954 -0.00470539 0.204029 -0.000241083
2.pcd 0.840898 0.0608873 0.000920506 0.972693 -0.0173796 0.208178 0.101138
3.pcd 0.811389 0.0905601 -0.0180601 0.957187 -0.0472622 0.20692 0.196833
4.pcd 0.764518 0.116174 -0.00096072 0.937539 -0.0584157 0.192849 0.283581
5.pcd 0.737106 0.135945 -0.0297054 0.905175 -0.0798567 0.183415 0.375019
6.pcd 0.694405 0.157849 -0.0393681 0.863463 -0.0999896 0.175404 0.462242
7.pcd 0.656874 0.152169 -0.0189943 0.820762 -0.114443 0.157922 0.536948
8.pcd 0.792688 0.599575 -0.0103924 0.767398 -0.126887 0.162551 0.607105
9.pcd 0.768879 0.647923 0.00213014 0.719862 -0.113429 0.130656 0.672206
10.pcd 0.797245 1.17424 -0.00384904 0.722729 -0.120999 0.122275 0.669381
11.pcd 0.720212 1.67051 0.0203803 0.687799 -0.132622 0.113753 0.70456
12.pcd 0.706671 2.22374 0.00114507 0.715568 -0.117365 0.120846 0.677927
13.pcd 0.701649 2.74302 0.00982665 0.680815 -0.125976 0.126403 0.710383
14.pcd 0.666322 3.26196 0.00568698 0.682401 -0.135175 0.120889 0.708126
15.pcd 0.682352 3.78758 0.00983718 0.710446 -0.114288 0.120018 0.683959
16.pcd 0.7125 3.87693 0.00650225 0.757245 -0.122628 0.159567 0.621354
17.pcd 0.736213 3.85995 0.0171745 0.813782 -0.102685 0.167895 0.546833
18.pcd 0.768444 3.84916 0.00724289 0.866667 -0.0862172 0.180152 0.457166
19.pcd 0.787421 3.824 0.00618696 0.906773 -0.063635 0.184506 0.373725
20.pcd 0.817734 3.80364 0.00126009 0.939856 -0.0439457 0.194109 0.277597
21.pcd 1.30091 4.04788 0.0124393 0.954699 -0.0429502 0.168979 0.241148
22.pcd 1.67534 4.29263 -0.00447324 0.921116 -0.069411 0.203509 0.324516
23.pcd 1.62088 4.28426 0.00401284 0.883003 -0.0818906 0.189742 0.421423
24.pcd 1.56028 4.30409 -0.00833335 0.8347 -0.114283 0.172831 0.510241
25.pcd 1.53425 4.29073 0.00216973 0.783394 -0.126071 0.153477 0.588935
26.pcd 1.49873 4.28753 0.0217256 0.717901 -0.142781 0.137329 0.667362
27.pcd 1.46441 4.27367 0.0213219 0.650934 -0.151528 0.122134 0.733763
28.pcd 1.41847 4.24923 0.00702104 0.57262 -0.168742 0.100921 0.795894
29.pcd 1.4011 4.22802 -0.0306187 0.491085 -0.181361 0.0879331 0.847474
30.pcd 1.36797 4.19093 0.0440771 0.409204 -0.180445 0.0590698 0.89247
31.pcd 1.33154 4.15404 -0.00751067 0.31126 -0.199722 0.0431651 0.928098
32.pcd 1.32842 4.1111 0.00052618 0.221937 -0.191127 0.0241303 0.955841
33.pcd 1.3292 4.07902 0.00579583 0.121601 -0.200098 0.00915779 0.972158
34.pcd 1.32025 4.04132 0.00865533 0.0298917 -0.194318 -0.011776 0.980412
35.pcd 0.928311 3.88078 0.0137453 -0.0618156 -0.200801 -0.0260643 0.977332
36.pcd 0.904835 3.87141 -0.00369984 -0.168527 -0.203126 -0.0295367 0.964088
37.pcd 0.964781 3.80768 -0.00978254 -0.295223 -0.198703 -0.0633032 0.932391
38.pcd 0.98641 3.82772 -0.00904997 -0.384939 -0.184197 -0.084732 0.900396
39.pcd 1.03016 3.77963 -0.00293831 -0.472648 -0.169447 -0.10259 0.858701
40.pcd 0.951783 3.45211 0.0181534 0.557104 0.156761 0.112784 -0.807676
41.pcd 0.995843 3.42659 0.0205713 0.636439 0.166863 0.12583 -0.742475
42.pcd 1.02879 3.50861 -0.0127614 0.748959 0.124543 0.154999 -0.632079
43.pcd 1.005 3.00152 0.0267129 0.686078 0.124156 0.132336 -0.704534
44.pcd 1.00872 2.44118 0.0229476 0.685386 0.123104 0.125145 -0.706704
45.pcd 0.979427 1.93662 0.0152318 0.686446 0.126911 0.130755 -0.70398
46.pcd 0.958668 1.37548 0.033786 0.686422 0.131386 0.135166 -0.702348
47.pcd 0.931735 0.838394 0.00763587 0.685014 0.130431 0.129419 -0.704978
48.pcd 0.914212 0.313457 0.0347158 0.681582 0.135223 0.128142 -0.707631
49.pcd 0.831404 0.00400621 -0.00535711 0.585594 0.16721 0.134442 -0.781694
50.pcd 0.794122 0.0299469 -0.0129335 0.504122 0.181298 0.10513 -0.837819
51.pcd 0.771706 0.0616001 -0.00966103 -0.42172 -0.186449 -0.0842017 0.883345
52.pcd 0.743071 0.0907845 -0.0206881 -0.333563 -0.198539 -0.0598158 0.919641
53.pcd 0.28783 -0.181857 -0.00322434 -0.251349 -0.199096 -0.0596669 0.945317
54.pcd 0.242033 -0.176575 0.00187937 -0.167044 -0.207229 -0.0431999 0.962957
55.pcd 0.245915 -0.157131 -0.0121796 -0.0702364 -0.205238 -0.0248778 0.975872
56.pcd 0.25451 -0.123739 -0.018352 0.0208847 -0.207155 -0.00452537 0.978075
57.pcd -0.240278 -0.0386251 -0.00496112 0.0387611 -0.203995 0.00270419 0.978201
58.pcd -0.248434 0.0113476 -0.00941887 0.169803 -0.203503 0.036009 0.963565
59.pcd -0.232391 0.0516656 -0.00184767 0.266083 -0.198171 0.0547303 0.941771
60.pcd -0.209878 0.0857878 -0.00266023 0.360605 -0.18567 0.071854 0.911223
61.pcd -0.183614 0.111968 -0.00648216 0.446468 -0.173493 0.0913385 0.873054
62.pcd -0.151704 0.134085 -0.020982 0.531721 -0.164575 0.117595 0.822411
63.pcd -0.122407 0.152889 -0.0224344 0.608143 -0.147138 0.130129 0.769142
64.pcd -0.0944241 0.16742 -0.0211755 0.686542 -0.138568 0.145999 0.698673
65.pcd -0.065629 0.17384 -0.0155019 0.750776 -0.123078 0.154775 0.630263
66.pcd -0.0386729 0.187439 -0.0241346 0.812643 -0.110795 0.164245 0.548051
67.pcd -0.0116767 0.183068 -0.0303666 0.862238 -0.0957493 0.175366 0.46543
68.pcd 0.0162723 0.172836 -0.00751497 0.90469 -0.0769258 0.182411 0.377286
69.pcd 0.0507106 0.147047 0.0306014 0.939144 -0.0627742 0.18515 0.282465
70.pcd 0.0694168 0.136123 0.0284621 0.961715 -0.0416305 0.189365 0.193679
71.pcd 0.0770447 0.118614 0.00875439 0.975876 -0.0195623 0.196542 0.0930297
72.pcd 0.0764108 0.0893686 0.00593985 0.980853 0.000104257 0.194752 2.83865e-06
73.pcd 0.033081 0.0634935 -0.0451888 0.975671 -0.00465026 0.200439 -0.0887069
