0.pcd -0.011368 -0.00929684 0.0051508 0.983254 0.00237244 0.182222 0.00114848
1.pcd 0.493188 -0.0261637 0.0254962 0.988247 0.0059352 0.151952 0.0155862
2.pcd 0.878229 -0.0206185 0.0397837 0.985573 0.00408879 0.150223 -0.0778541
3.pcd 1.0364 -0.0686035 0.00678344 0.977741 0.0505917 0.12947 -0.157164
4.pcd 1.38737 -0.133843 0.0388498 0.986207 0.00245375 0.149668 -0.0706304
5.pcd 1.44899 -0.128354 0.0430682 0.991178 -0.00768634 0.131249 0.0167792
6.pcd 1.64417 -0.123784 0.0349595 0.985715 -0.0176309 0.148267 -0.0779277
7.pcd 1.89557 -0.223103 0.0468542 0.967989 0.0364338 0.138526 -0.206108
8.pcd 1.89447 -0.27826 0.0474548 0.924831 0.0619331 0.138176 -0.34894
9.pcd 1.88558 -0.288539 0.0392741 0.889256 0.0736484 0.134786 -0.430852
10.pcd 1.87406 -0.328639 0.0424971 0.845524 0.0684875 0.138054 -0.511214
11.pcd 1.85937 -0.326712 0.0467289 0.772838 0.0893218 0.105775 -0.619318
12.pcd 1.79296 -0.360672 0.0404258 0.717538 0.140309 0.103813 -0.674296
13.pcd 1.82729 -0.902957 0.0300874 0.715021 0.10904 0.108026 -0.682045
14.pcd 1.85099 -1.40255 0.0602876 0.723175 0.104168 0.0897077 -0.676846
15.pcd 1.8948 -1.40367 0.0338604 0.795628 0.100742 0.11513 -0.58615
16.pcd 1.93418 -1.36123 0.0520069 0.877297 0.0738763 0.120736 -0.458602
17.pcd 1.94458 -1.36289 0.0349098 0.918608 0.0622396 0.133321 -0.366757
18.pcd 1.96156 -1.31224 0.0333616 0.947577 0.0540703 0.145007 -0.279548
19.pcd 1.97818 -1.27427 0.0279596 0.977174 0.0335581 0.135763 -0.159916
20.pcd 1.98361 -1.27424 0.0351083 0.985552 0.0208788 0.154607 -0.0659417
21.pcd 2.51204 -1.30979 0.0438214 0.983892 -0.00391113 0.162893 -0.0735401
22.pcd 2.73283 -1.29646 0.0354897 0.986747 -0.0166199 0.160276 0.0191075
23.pcd 3.24963 -1.29677 0.0454259 0.98673 0.00617865 0.156827 -0.0415935
24.pcd 3.75581 -1.34693 0.0351243 0.987979 0.0187782 0.151723 -0.0228949
25.pcd 4.26069 -1.31607 0.0438604 0.9901 -0.0190482 0.138808 -0.00848709
26.pcd 4.59322 -1.30829 0.0352711 0.978307 0.012091 0.157345 -0.134209
27.pcd 4.58884 -1.34053 0.0332484 0.945838 0.0235296 0.147173 -0.288405
28.pcd 4.57242 -1.36624 0.0283152 0.910272 0.0601795 0.143345 -0.383714
29.pcd 4.53416 -1.39985 0.0450121 0.845362 0.0842694 0.111594 -0.515567
30.pcd 4.50329 -1.41023 0.0380711 0.796507 0.111152 0.109221 -0.584202
31.pcd 4.47591 -1.39369 0.0321511 0.730777 0.127794 0.0975749 -0.66341
32.pcd 4.40182 -1.93689 0.0284194 0.681182 0.137454 0.104789 -0.711418
33.pcd 4.36109 -2.46131 0.0397613 0.688163 0.12491 0.0941836 -0.708491
34.pcd 4.3518 -2.55945 0.0346242 0.61621 0.102606 0.100988 -0.774312
35.pcd 4.30494 -2.55712 0.0284671 -0.498616 -0.126866 -0.0845765 0.853308
36.pcd 4.27687 -2.54895 0.0199847 -0.418643 -0.136755 -0.0673458 0.895266
37.pcd 4.24844 -2.54019 0.0233125 -0.334179 -0.13787 -0.0570714 0.930623
38.pcd 4.22117 -2.52677 0.0285453 -0.237857 -0.137178 -0.0379625 0.960815
39.pcd 4.16971 -2.48107 0.0233235 -0.125447 -0.156435 0.00378266 0.979682
40.pcd 4.16926 -2.46131 0.0272195 -0.0270997 -0.154899 0.013148 0.987471
41.pcd 4.20881 -2.42849 0.0325322 0.0582085 -0.15689 0.0401223 0.985082
42.pcd 4.22545 -2.40827 0.0278126 0.146302 -0.154455 0.0440396 0.976115
43.pcd 4.25686 -2.38447 0.0224418 0.2325 -0.164548 0.049399 0.957302
44.pcd 4.26371 -2.35699 0.0326188 0.320156 -0.146025 0.0674891 0.933607
45.pcd 4.27972 -2.32846 0.0303987 0.463332 -0.136361 0.0857945 0.871418
46.pcd 4.29688 -2.32155 0.0311054 0.541088 -0.133817 0.0895045 0.825413
47.pcd 4.32391 -2.30635 0.0294573 0.610066 -0.126742 0.125964 0.771938
48.pcd 4.36118 -2.29381 0.0277426 0.687705 -0.110635 0.121258 0.70719
49.pcd 4.4715 -1.78816 0.0421402 0.740909 -0.0760866 0.14075 0.652268
50.pcd 4.44833 -1.7153 0.0335266 0.668759 -0.0803554 0.119807 0.72935
51.pcd 4.41384 -1.71671 0.0370164 0.555576 -0.0964408 0.102933 0.819414
52.pcd 4.39561 -1.72588 0.0372546 0.474488 -0.108479 0.0920238 0.868692
53.pcd 4.38236 -1.74815 0.0396283 0.385853 -0.110857 0.0862924 0.911802
54.pcd 4.3741 -1.77276 0.0388049 0.290074 -0.119275 0.0751553 0.946563
55.pcd 4.36936 -1.7983 0.0393288 0.196651 -0.123712 0.0567367 0.970981
56.pcd 4.36257 -1.82576 0.0471051 0.0947728 -0.134094 0.0352438 0.985797
57.pcd 4.36015 -1.85072 0.0480559 -0.0173925 -0.134256 0.0246894 0.990486
58.pcd 4.37622 -1.90006 0.0349246 -0.161423 -0.146883 -0.00675515 0.97587
59.pcd 4.35836 -1.88304 0.0258776 -0.07162 -0.153333 -0.0170584 0.985428
60.pcd 4.35828 -1.84864 0.0372129 0.0352725 -0.157081 -0.00986191 0.986906
61.pcd 3.82385 -1.7405 0.0480701 0.084357 -0.162311 0.0200023 0.982924
62.pcd 3.28087 -1.64407 0.0248031 0.0796814 -0.161377 0.0191543 0.983484
63.pcd 2.75454 -1.5767 0.045009 0.0700105 -0.157588 0.0177345 0.98486
64.pcd 2.239 -1.5053 0.0507855 0.0538783 -0.137052 0.0238397 0.98881
65.pcd 2.01394 -1.43983 0.0507919 0.158093 -0.150075 0.0206819 0.975734
66.pcd 2.0139 -1.39484 0.0603854 0.303135 -0.139999 0.0421134 0.941667
67.pcd 2.02989 -1.34456 0.0422741 0.468115 -0.137447 0.0625943 0.870665
68.pcd 2.04917 -1.32186 0.0597158 0.550757 -0.137735 0.0818749 0.819141
69.pcd 2.07332 -1.29964 0.0647208 0.6352 -0.126856 0.0875047 0.756817
70.pcd 2.12382 -1.29051 0.0317095 0.729787 -0.0949161 0.117976 0.666696
71.pcd 2.06971 -0.71043 0.0545564 0.682604 -0.105376 0.115551 0.71386
72.pcd 2.04665 -0.415573 0.0338861 0.610756 -0.0977065 0.107643 0.77836
73.pcd 2.00797 -0.432463 0.0469601 0.489185 -0.106388 0.102185 0.859615
74.pcd 1.98546 -0.454747 0.048044 0.410944 -0.124431 0.0742474 0.900072
75.pcd 1.97359 -0.492441 0.0459692 0.316622 -0.128313 0.0626262 0.937744
76.pcd 1.96323 -0.53527 0.0440109 0.213071 -0.146461 0.0528973 0.964548
77.pcd 1.95803 -0.585055 0.0400697 0.108205 -0.141974 0.0371159 0.983238
78.pcd 1.95365 -0.62305 0.0520842 0.0180689 -0.139847 0.0297552 0.989561
79.pcd 1.9727 -0.66211 0.091962 -0.0869069 -0.153293 0.000327728 0.984352
80.pcd 2.00303 -0.689216 0.0660239 -0.160903 -0.174071 -0.0389344 0.970718
81.pcd 1.98999 -0.649722 0.0488762 -0.0728075 -0.163499 -0.0167956 0.98371
82.pcd 1.95812 -0.629083 0.048039 0.0251311 -0.156664 -0.0123594 0.987255
83.pcd 1.45929 -0.565818 0.0489961 0.024348 -0.153077 0.0160881 0.987783
84.pcd 0.911306 -0.587297 0.0586449 -0.0115286 -0.16527 0.00947299 0.986136
85.pcd 0.369456 -0.639284 0.0640286 -0.0222585 -0.160881 0.0102019 0.98667
86.pcd -0.180388 -0.678076 0.0512082 -0.0418256 -0.154364 0.00359348 0.987122
87.pcd -0.682373 -0.819221 0.0508561 -0.0763634 -0.14751 -0.0229879 0.98584
88.pcd -1.18768 -0.889277 0.0488117 -0.0921981 -0.150632 -0.000852375 0.984281
89.pcd -1.21325 -0.925089 0.0460639 0.00378027 -0.161828 -0.0121951 0.986736
90.pcd -1.75832 -0.869232 0.0453982 0.0128767 -0.151859 0.0162089 0.988185
91.pcd -1.9269 -0.853277 0.0798536 0.14388 -0.144479 0.00695545 0.978967
92.pcd -2.08439 -0.821327 0.0377781 0.0496794 -0.162542 0.0070131 0.985425
93.pcd -2.49575 -0.797922 0.0478497 0.135086 -0.140349 0.0232181 0.980569
94.pcd -2.90394 -0.682839 0.0422392 -0.00581887 -0.141095 0.0222263 0.989729
95.pcd -2.95141 -0.740941 0.0533117 -0.103314 -0.121363 -0.0166718 0.987076
96.pcd -3.46287 -0.883164 0.0454558 -0.155174 -0.172754 -0.0134939 0.972571
97.pcd -3.61143 -0.919651 0.0558519 -0.0444608 -0.138016 -0.0346311 0.988825
98.pcd -3.62847 -0.872729 0.0556448 0.103158 -0.146001 -0.0130601 0.983805
99.pcd -3.63262 -0.835703 0.0543563 0.192592 -0.151856 0.00813635 0.969423
100.pcd -3.59904 -0.74051 0.0464923 0.455518 -0.133489 0.0967599 0.874827
101.pcd -3.55692 -0.705162 0.0496313 0.561694 -0.105852 0.0980686 0.814665
102.pcd -3.52298 -0.69558 0.0313616 0.656851 -0.103193 0.0884241 0.741674
103.pcd -3.50029 -0.681283 0.0300886 0.735805 -0.0997817 0.102429 0.661924
104.pcd -3.41571 -0.545298 0.0496379 0.779501 -0.0570595 0.139163 0.608075
105.pcd -3.24526 -0.070687 0.0368109 0.791207 -0.0793824 0.125139 0.593321
106.pcd -3.17492 0.0337187 0.0435225 0.851537 -0.0567544 0.139871 0.502096
107.pcd -3.13179 0.0237598 0.0404076 0.919876 -0.0478234 0.147955 0.360071
108.pcd -3.10605 0.00442391 0.0428685 0.949262 -0.0227914 0.154407 0.273022
109.pcd -3.08092 -0.0208349 0.0471888 0.970625 0.00178725 0.157452 0.181913
110.pcd -3.05884 -0.0391224 0.0455802 0.982841 0.00172397 0.164199 0.0840243
111.pcd -3.03924 -0.0561274 0.0449518 0.987145 -0.0018134 0.156463 -0.0325591
112.pcd -3.04774 -0.0789759 0.039378 0.97731 0.0276108 0.163561 -0.131723
113.pcd -2.52974 -0.267241 0.0538516 0.973649 0.0387148 0.158516 -0.159317
114.pcd -2.00293 -0.45704 0.0426554 0.974509 0.0462599 0.168516 -0.140692
115.pcd -1.5153 -0.586658 0.0527052 0.976131 0.0443399 0.16421 -0.135043
116.pcd -1.02698 -0.725742 0.0693918 0.983072 0.0230897 0.1373 -0.1191
117.pcd -0.758448 -0.736027 0.0567283 0.988642 0.0167764 0.149317 0.00312509
118.pcd -0.769399 -0.707939 0.0552287 0.981809 0.00484527 0.145702 0.121653
119.pcd -0.768044 -0.686629 0.065275 0.967417 0.0119238 0.136964 0.212612
120.pcd -0.334704 -0.430118 0.051158 0.97407 -0.0645092 0.141536 0.164299
121.pcd -0.301327 -0.4691 0.0474795 0.988754 -0.0301706 0.145438 0.0174026
122.pcd -0.25908 -0.105526 0.0515757 0.987696 0.0695482 0.139007 -0.0172067
123.pcd -0.225117 0.180201 0.0533294 0.988054 -0.0266709 0.150783 -0.017372
