0.pcd 5.1721e-05 -4.55699e-06 0.000810698 0.980564 -0.000714082 0.196199 3.6358e-06
1.pcd -0.0164936 -0.0403703 0.0378051 0.955722 -0.00335378 0.294214 -0.00474605
2.pcd -0.0894732 -0.0434715 0.209299 0.982283 -0.00240365 0.187292 -0.00596896
3.pcd 0.467753 -0.0576508 0.249988 0.98581 -0.0125946 0.167317 -0.0049633
4.pcd 0.972244 -0.0917321 0.222107 0.987455 -0.00537303 0.157728 -0.00510509
5.pcd 1.47894 -0.0322501 0.196458 0.985821 -0.0161557 0.166903 -0.00622773
6.pcd 2.02231 -0.0232238 0.216284 0.98347 -0.0174078 0.180058 -0.00795382
7.pcd 2.53537 -0.131294 0.229122 0.982358 0.0107243 0.186639 -0.00492002
8.pcd 2.76102 -0.15867 0.19786 0.971534 0.0221953 0.206239 -0.114433
9.pcd 2.75785 -0.175966 0.220626 0.958914 0.0434721 0.186325 -0.209471
10.pcd 2.7328 -0.213696 0.226858 0.929558 0.0590255 0.191421 -0.30951
11.pcd 2.70386 -0.236239 0.231412 0.89702 0.0806405 0.179316 -0.395852
12.pcd 2.67814 -0.256989 0.227099 0.854855 0.099078 0.16532 -0.481743
13.pcd 2.64359 -0.275606 0.215794 0.802455 0.11586 0.157244 -0.563841
14.pcd 2.60301 -0.276031 0.227178 0.748101 0.126781 0.135773 -0.637053
15.pcd 2.57012 -0.27458 0.224099 0.676294 0.148785 0.131008 -0.709455
16.pcd 2.53972 -0.26682 0.231346 0.605915 0.156004 0.10567 -0.772893
17.pcd 2.50577 -0.254574 0.224775 0.51996 0.171027 0.0983121 -0.831099
18.pcd 2.47524 -0.235741 0.229831 -0.440413 -0.173682 -0.0762837 0.877526
19.pcd 2.44674 -0.212631 0.232488 -0.345592 -0.1834 -0.0607413 0.918281
20.pcd 2.43095 -0.186969 0.238881 -0.255583 -0.18575 -0.0434628 0.947779
21.pcd 2.42494 -0.156541 0.251947 -0.156156 -0.195553 -0.0189373 0.967996
22.pcd 2.41627 -0.125956 0.23959 -0.0602121 -0.204951 -0.00664988 0.976896
23.pcd 2.35288 -0.0914025 0.215936 0.0454627 -0.19408 0.00850473 0.979895
24.pcd 2.39828 -0.124303 0.208046 -0.0396356 -0.189712 -0.0156342 0.980915
25.pcd 2.03568 -0.184778 0.147674 0.0505799 -0.186683 0.00798501 0.981085
26.pcd 1.5082 -0.178186 0.222417 0.0528152 -0.161657 0.00176329 0.985431
27.pcd 0.984517 -0.150706 0.205257 0.0552809 -0.178825 0.0072457 0.9823
28.pcd 1.00976 -0.145243 0.230197 -0.0338652 -0.186296 -0.00633305 0.981889
29.pcd 0.494113 -0.154333 0.233134 -0.0107841 -0.159242 -0.00512961 0.987167
30.pcd -0.00834563 -0.0788714 0.378525 -0.0141563 -0.140222 0.0112877 0.989955
31.pcd -0.469244 -0.152779 0.161317 -0.0136243 -0.223917 -0.0141352 0.974411
32.pcd -0.51458 -0.117974 0.208077 0.11777 -0.211488 0.0187576 0.970078
33.pcd -0.485795 -0.106499 0.234021 0.206177 -0.191603 0.0397719 0.958748
34.pcd -0.466712 -0.0698488 0.229684 0.303782 -0.181525 0.0707181 0.932611
35.pcd -0.438362 -0.037954 0.234625 0.394618 -0.167355 0.0901886 0.898963
36.pcd -0.403902 0.00350762 0.222914 0.484792 -0.16941 0.111869 0.850742
37.pcd -0.370928 0.0338126 0.225278 0.563972 -0.150815 0.124069 0.80237
38.pcd -0.340061 0.0669039 0.219636 0.644224 -0.144508 0.138637 0.738155
39.pcd -0.303064 0.0886151 0.218628 0.7119 -0.130927 0.148983 0.673692
40.pcd -0.269964 0.109711 0.222595 0.780115 -0.116204 0.158522 0.593959
41.pcd -0.238921 0.104566 0.226185 0.833971 -0.103774 0.16693 0.515614
42.pcd -0.209893 0.0916265 0.236135 0.881457 -0.0842222 0.178026 0.42924
43.pcd -0.169421 0.0579939 0.236328 0.926031 -0.0619225 0.193756 0.317947
44.pcd -0.0947113 0.0235277 0.234392 0.951434 -0.0347779 0.236257 0.194284
45.pcd -0.0459665 -0.00768459 0.240602 0.975331 -0.00647491 0.213509 0.0556819
46.pcd -0.0639078 -0.000921912 0.229585 0.979194 -0.0116213 0.197305 -0.0459885
