0.pcd -1.40231e-05 1.29397e-05 -0.000221545 0.979358 0.00348371 0.202103 2.4856e-05
1.pcd 0.16629 0.0783134 0.303155 0.974586 -0.0324809 0.199253 0.0970814
2.pcd 0.423154 0.174426 0.276916 0.956279 -0.0489325 0.189118 0.217645
3.pcd 0.385266 0.19166 0.326213 0.934486 -0.0689282 0.178025 0.300485
4.pcd 0.531361 0.380777 0.317711 0.893118 -0.0903803 0.178124 0.403044
5.pcd 0.456039 0.344989 0.319078 0.833796 -0.104277 0.167523 0.515602
6.pcd 0.457807 0.529513 0.309423 0.790187 -0.13416 0.143061 0.580637
7.pcd 0.779115 0.921172 0.317436 0.7713 -0.123201 0.141084 0.608287
8.pcd 0.759928 1.43211 0.293307 0.72888 -0.146208 0.155189 0.650595
9.pcd 0.81148 1.93742 0.28772 0.734626 -0.142042 0.145995 0.647174
10.pcd 0.89733 2.46323 0.289046 0.733517 -0.122469 0.13604 0.654558
11.pcd 0.88275 2.61482 0.288335 0.651386 -0.158798 0.133149 0.729898
12.pcd 0.842527 2.5843 0.265821 0.572459 -0.168796 0.116279 0.793901
13.pcd 0.814722 2.54916 0.282932 0.484508 -0.183571 0.0978847 0.84969
14.pcd 0.783649 2.52647 0.273419 0.397717 -0.189841 0.0743083 0.894572
15.pcd 0.767622 2.48616 0.280041 0.293602 -0.188453 0.0614327 0.935152
16.pcd 0.741583 2.43911 0.246171 0.187805 -0.204048 0.0329528 0.960212
17.pcd 0.735245 2.4056 0.359652 0.0822894 -0.212228 0.00607674 0.97373
18.pcd 0.225393 2.40252 0.273059 0.124651 -0.177092 0.0263806 0.975912
19.pcd -0.324133 2.44274 0.267464 0.0725068 -0.16894 0.0113719 0.98289
20.pcd -0.824923 2.5717 0.256633 0.0699394 -0.202708 0.0165681 0.976598
21.pcd -1.34576 2.62597 0.300543 0.0724676 -0.181164 0.00860966 0.980742
22.pcd -1.8714 2.6024 0.317812 0.0689099 -0.177369 0.00840466 0.981693
23.pcd -2.37183 2.5174 0.278468 0.0519752 -0.202128 -0.000742361 0.977979
24.pcd -2.78428 2.81292 0.278298 0.0638216 -0.209738 0.0143896 0.975566
25.pcd -2.75445 2.85363 0.272191 0.19206 -0.20213 0.042018 0.959422
26.pcd -2.74317 2.86367 0.254826 0.291093 -0.197163 0.0640316 0.933966
27.pcd -2.72109 2.90994 0.250745 0.390917 -0.18373 0.0822346 0.898145
28.pcd -2.69987 2.89903 0.244851 0.489156 -0.176038 0.107143 0.847501
29.pcd -2.65915 2.9675 0.230984 0.570846 -0.158402 0.123676 0.796083
30.pcd -2.61711 2.97472 0.280151 0.649422 -0.156827 0.134372 0.731847
31.pcd -2.59764 2.98992 0.285866 0.720278 -0.129839 0.146123 0.665574
32.pcd -2.55048 2.98408 0.283482 0.810899 -0.11283 0.16549 0.549842
33.pcd -2.50905 2.99756 0.265941 0.862503 -0.0880331 0.173053 0.467323
34.pcd -2.52003 2.99559 0.271828 0.903591 -0.0822144 0.187507 0.376304
35.pcd -2.49957 2.9725 0.288178 0.938003 -0.0555128 0.189113 0.28514
36.pcd -2.45131 2.92006 0.286952 0.961269 -0.0492146 0.200881 0.182169
37.pcd -2.43711 2.90299 0.262815 0.976539 -0.0240103 0.193047 0.092345
38.pcd -2.44502 2.91017 0.275928 0.980557 0.00109424 0.196222 -0.00213315
39.pcd -1.82753 2.91318 0.280588 0.986151 -0.0091187 0.165343 -0.00918664
40.pcd -1.30443 2.91242 0.291343 0.986347 -0.00611001 0.164552 -0.00212336
41.pcd -1.02545 2.85773 0.274279 0.976098 0.00943143 0.201556 -0.0807421
42.pcd -0.505267 2.747 0.279621 0.974475 0.0107924 0.203559 -0.0940543
43.pcd -0.024064 2.55583 0.25557 0.977224 0.0170872 0.195218 -0.0814325
44.pcd -0.142457 2.58994 0.292995 0.980376 -0.00141997 0.196982 0.00774472
45.pcd 0.373729 2.56334 0.297328 0.979159 -0.00465575 0.203042 0.000326375
46.pcd 0.880056 2.51497 0.279354 0.98146 -0.00209364 0.183414 -0.055606
47.pcd 1.23403 2.39502 0.288415 0.968454 0.0206064 0.196945 -0.151281
48.pcd 1.20422 2.3567 0.302311 0.944405 0.0473564 0.19089 -0.263472
49.pcd 1.16541 2.33219 0.290913 0.896095 0.0806431 0.174611 -0.400027
50.pcd 1.12317 2.30113 0.287215 0.845236 0.1017 0.156049 -0.500881
51.pcd 1.08208 2.28757 0.300879 0.789696 0.130163 0.154231 -0.579354
52.pcd 1.03597 2.28362 0.315744 0.719629 0.138663 0.133792 -0.667088
53.pcd 1.02842 2.29275 0.346345 0.621305 0.160655 0.118327 -0.757739
54.pcd 0.940663 1.79396 0.249661 0.65578 0.101518 0.111834 -0.739689
55.pcd 0.875386 1.53527 0.32162 0.603474 0.175086 0.115297 -0.769331
56.pcd 0.759323 1.03064 0.314762 0.631742 0.139545 0.107716 -0.754869
57.pcd 0.691417 0.533036 0.325102 0.635987 0.124484 0.117384 -0.752493
58.pcd 0.546124 0.241368 0.316752 0.537552 0.176758 0.106985 -0.817526
59.pcd 0.467479 0.24268 0.283048 -0.439142 -0.187109 -0.0859404 0.874505
60.pcd 0.378978 0.318237 0.338605 -0.269104 -0.194571 -0.0482506 0.942017
61.pcd 0.317048 0.389106 0.256557 -0.0619173 -0.20612 -0.000392396 0.976566
62.pcd -0.0923606 0.215018 0.315318 -0.188112 -0.202097 -0.0410274 0.960254
63.pcd -0.0596873 0.181916 0.299053 -0.272485 -0.18842 -0.0647261 0.941308
64.pcd -0.000501077 0.15852 0.297126 -0.375974 -0.178762 -0.0911616 0.904642
65.pcd 0.052311 0.118383 0.262106 0.500566 0.172263 0.111073 -0.841084
66.pcd 0.0874003 0.0694231 0.117343 0.623428 0.157043 0.138023 -0.753408
67.pcd 0.128516 0.141133 0.311194 0.693665 0.139521 0.138916 -0.692867
68.pcd 0.17058 0.14637 0.239411 0.760063 0.123853 0.157844 -0.618101
69.pcd 0.206474 0.217947 0.28639 0.861249 0.08505 0.186917 -0.464842
70.pcd 0.236508 0.322818 0.288229 0.942873 0.0464588 0.188093 -0.271022
71.pcd 0.207002 0.279904 0.328685 0.967965 0.0279829 0.1977 -0.152235
