0.pcd -7.43992e-06 -4.37317e-05 0.000729513 0.978785 -0.00423579 0.204849 -2.14891e-05
1.pcd 0.429013 0.0163445 0.261218 0.984972 -0.0042872 0.172658 0.000815367
2.pcd 0.947955 0.0229113 0.256518 0.982917 -0.00699356 0.183914 0.000979605
3.pcd 1.46424 0.00675974 0.260861 0.98217 -0.00465449 0.18794 -0.000276446
4.pcd 1.99219 -0.0127714 0.257916 0.979329 0.00494497 0.188635 -0.0728473
5.pcd 2.4943 -0.124772 0.266315 0.98087 0.0144449 0.184559 -0.0601933
6.pcd 2.6495 -0.120594 0.264231 0.977826 0.00297826 0.207415 0.0287553
7.pcd 2.64234 -0.110498 0.248147 0.965749 -0.0106611 0.219188 0.138461
8.pcd 2.63875 -0.0934418 0.243456 0.950476 -0.047501 0.199898 0.233197
9.pcd 2.77509 0.00624428 0.261791 0.967696 -0.0469362 0.199058 0.147433
10.pcd 2.75789 -0.016463 0.253019 0.979075 -0.00604987 0.197678 0.0479472
11.pcd 2.7611 -0.0102973 0.248843 0.978627 0.0155179 0.200551 -0.0427613
12.pcd 3.26423 -0.087547 0.252569 0.977478 0.0113268 0.209969 -0.0179523
13.pcd 3.23273 -0.0882075 0.248877 0.96688 0.0380783 0.20896 -0.141524
14.pcd 3.23522 -0.0912632 0.238484 0.947171 0.0575211 0.198264 -0.24546
15.pcd 3.22772 -0.0857062 0.247749 0.920899 0.0742438 0.186282 -0.334262
16.pcd 3.21194 -0.101807 0.244036 0.881722 0.0941182 0.176199 -0.427389
17.pcd 3.19836 -0.106224 0.26072 0.833903 0.116508 0.172927 -0.511006
18.pcd 3.19634 -0.112917 0.24321 0.781291 0.128053 0.147351 -0.592853
19.pcd 3.178 -0.114254 0.256555 0.71401 0.154582 0.150322 -0.666106
20.pcd 3.16855 -0.102095 0.256484 0.651875 0.158627 0.119679 -0.731829
21.pcd 3.15821 -0.117069 0.249108 0.569014 0.178248 0.108697 -0.795384
22.pcd 3.14901 -0.10469 0.257015 -0.494919 -0.182953 -0.0882537 0.844864
23.pcd 3.12664 -0.105678 0.255532 -0.401116 -0.194142 -0.0742982 0.892129
24.pcd 3.10936 -0.110057 0.273461 -0.311742 -0.199643 -0.063749 0.926766
25.pcd 3.093 -0.103357 0.255421 -0.217469 -0.202012 -0.0341444 0.954323
26.pcd 3.06234 -0.101983 0.251169 -0.106782 -0.20663 -0.0267839 0.972206
27.pcd 3.0579 -0.0757791 0.257415 0.00328312 -0.206048 -0.00362489 0.97853
28.pcd 2.52921 -0.0490069 0.264626 0.00691028 -0.181863 -0.00714856 0.983274
29.pcd 1.9828 -0.0532574 0.24877 0.00704356 -0.184611 -0.0102802 0.982733
30.pcd 1.4461 -0.0555553 0.25445 0.00543165 -0.187555 -0.0018035 0.982237
31.pcd 0.91866 -0.0240898 0.275048 0.00792196 -0.187562 -0.00408058 0.982212
32.pcd 0.4165 -0.0326213 0.261522 0.00554527 -0.185742 -0.00340912 0.982577
33.pcd 0.174939 -0.0425921 0.260215 -0.0974689 -0.200164 -0.0197732 0.974702
34.pcd 0.18563 -0.044435 0.262624 -0.200167 -0.197112 -0.0458326 0.958634
35.pcd 0.195651 -0.0505962 0.257136 -0.285905 -0.186391 -0.0708264 0.937283
36.pcd 0.211078 -0.0670208 0.258301 -0.379796 -0.175071 -0.093842 0.903492
37.pcd 0.248562 -0.089907 0.254928 0.500978 0.16202 0.118872 -0.841807
38.pcd 0.227779 -0.254486 0.285538 0.582342 0.152605 0.139717 -0.786174
39.pcd 0.248408 -0.246017 0.244174 0.651239 0.144908 0.137418 -0.732124
40.pcd 0.248633 -0.746194 0.252128 0.673728 0.129786 0.125214 -0.716636
41.pcd 0.207542 -1.27293 0.281898 0.677897 0.119306 0.124289 -0.714685
42.pcd 0.164077 -1.7928 0.269533 0.680846 0.139487 0.13322 -0.706572
43.pcd 0.14652 -2.29546 0.269348 0.672046 0.151129 0.144944 -0.710285
44.pcd 0.0521184 -2.78888 0.239701 0.677917 0.144662 0.131339 -0.708697
45.pcd 0.100853 -2.93513 0.249046 0.750022 0.130055 0.160767 -0.628257
46.pcd 0.0849718 -2.91945 0.244161 0.807485 0.116523 0.177634 -0.550306
47.pcd 0.0862563 -2.90736 0.253621 0.857562 0.0937503 0.187264 -0.469819
48.pcd 0.102959 -2.91026 0.253087 0.900466 0.0782852 0.203635 -0.376251
49.pcd 0.101076 -2.89885 0.239345 0.933287 0.0551869 0.203452 -0.290754
50.pcd 0.114176 -2.89871 0.24876 0.958433 0.0362968 0.210695 -0.188935
51.pcd 0.105965 -2.88709 0.254946 0.972919 0.012942 0.209625 -0.0965283
52.pcd 0.106747 -2.87327 0.247446 0.97791 -0.00507983 0.20896 0.00127021
53.pcd 0.0989933 -2.87156 0.263576 0.972119 -0.0249748 0.20979 0.101728
54.pcd 0.0929159 -2.85026 0.239535 0.959251 -0.0477442 0.199856 0.193946
55.pcd 0.0831946 -2.84734 0.24395 0.934302 -0.0635841 0.202412 0.28647
56.pcd 0.0210699 -2.83133 0.247363 0.889782 -0.07812 0.190145 0.407467
57.pcd 0.0163004 -2.84265 0.241821 0.846598 -0.10648 0.174268 0.491492
58.pcd 0.00957912 -2.86049 0.243821 0.792057 -0.11934 0.16511 0.57545
59.pcd -0.0250271 -2.84862 0.242097 0.739025 -0.126489 0.150982 0.644242
60.pcd 0.097732 -2.31673 0.257168 0.757837 -0.114452 0.137225 0.627497
61.pcd 0.180392 -1.81427 0.266204 0.751789 -0.142277 0.165047 0.622358
62.pcd 0.140835 -1.85591 0.256636 0.696421 -0.14549 0.143313 0.687962
63.pcd 0.157044 -1.31003 0.278646 0.703923 -0.134676 0.125849 0.685942
64.pcd 0.145086 -0.787737 0.281091 0.699384 -0.129231 0.130934 0.690664
65.pcd 0.168679 -0.248508 0.280529 0.69548 -0.137292 0.150101 0.68915
66.pcd 0.172559 0.00933845 0.250176 0.780756 -0.124136 0.176214 0.58648
67.pcd 0.160881 0.00554871 0.249835 0.832032 -0.0994932 0.185623 0.513193
68.pcd 0.164464 0.021817 0.264681 0.88329 -0.0754268 0.193271 0.420424
69.pcd 0.190869 0.00403144 0.263969 0.919034 -0.0583457 0.200075 0.334578
70.pcd 0.198998 -0.00378413 0.268129 0.949084 -0.0311466 0.201465 0.24017
71.pcd 0.21803 -0.0145008 0.258198 0.966495 -0.0137087 0.212147 0.14385
72.pcd 0.223127 -0.0262298 0.255698 0.978271 0.0109214 0.20097 0.0497807
73.pcd 0.235218 -0.0433041 0.270776 0.975356 0.0307771 0.212419 -0.051103
74.pcd 0.246337 -0.101011 0.267307 0.962217 0.0508428 0.195356 -0.182725
75.pcd 0.243954 -0.119006 0.267103 0.935939 0.0724567 0.19522 -0.284002
76.pcd 0.237248 -0.0963552 0.282491 0.905836 0.0918882 0.180062 -0.372284
77.pcd 0.227814 -0.113802 0.271491 0.862592 0.107808 0.174752 -0.462358
78.pcd 0.211192 -0.126853 0.275372 0.812873 0.121706 0.162067 -0.54604
79.pcd 0.187762 -0.154232 0.276502 0.752796 0.131742 0.149444 -0.627382
80.pcd 0.16622 -0.159048 0.283908 0.689474 0.146029 0.136888 -0.696106
81.pcd 0.141435 -0.159045 0.284345 0.618338 0.155573 0.116818 -0.761452
82.pcd 0.122749 -0.153952 0.275219 0.533951 0.174703 0.107507 -0.820254
83.pcd 0.114844 -0.152896 0.271048 -0.45437 -0.176278 -0.0826518 0.869277
84.pcd 0.100444 -0.154238 0.263716 -0.358677 -0.194112 -0.070064 0.910364
85.pcd 0.0695653 -0.141639 0.270619 -0.276798 -0.189972 -0.0459961 0.940839
86.pcd 0.0441189 -0.126046 0.273576 -0.174412 -0.197182 -0.0306493 0.964241
87.pcd 0.0559097 -0.110927 0.26187 -0.0771787 -0.199873 -0.0120317 0.976703
88.pcd 0.0422073 -0.0932294 0.263123 0.0224646 -0.201193 0.00772751 0.979263
89.pcd 0.0291959 -0.0726914 0.25941 0.111857 -0.201557 0.025878 0.972725
90.pcd 0.037636 -0.0524288 0.275153 0.215908 -0.192813 0.0475706 0.956004
91.pcd 0.0219498 -0.0368891 0.25966 0.305758 -0.193507 0.0694652 0.929646
92.pcd 0.0234566 -0.0192485 0.268184 0.393632 -0.178279 0.0900764 0.897305
93.pcd 0.02737 -0.00565685 0.257802 0.484248 -0.17615 0.111643 0.849712
94.pcd 0.043953 -0.00173197 0.256006 0.563234 -0.160173 0.128171 0.800428
95.pcd 0.0539806 0.0109297 0.243926 0.64193 -0.15156 0.147762 0.736968
96.pcd 0.0679158 0.0231564 0.249762 0.712484 -0.135683 0.159378 0.669742
97.pcd 0.0810578 0.0484629 0.252267 0.777089 -0.117825 0.172026 0.59385
98.pcd 0.104465 0.0555636 0.262163 0.831958 -0.103769 0.184793 0.512766
99.pcd 0.141313 0.0575932 0.28024 0.880573 -0.0787702 0.19175 0.426167
100.pcd 0.153064 0.0554087 0.261105 0.934273 -0.051368 0.199904 0.290747
101.pcd 0.161844 0.0538439 0.267183 0.958891 -0.0278438 0.204479 0.194782
102.pcd 0.179891 0.0567967 0.270828 0.972518 -0.00597979 0.204645 0.110878
103.pcd 0.206393 0.0156395 0.274471 0.978403 0.00753695 0.206164 0.0129263
