0.pcd 2.13656e-05 -4.86732e-05 0.000929474 0.979346 -0.00348015 0.202162 -4.08575e-05
1.pcd -0.0136105 0.0694839 -0.0533914 0.971381 -0.0364378 0.202976 0.117868
2.pcd -0.0221765 0.0393516 -0.0249978 0.979893 -0.0053918 0.198191 0.0223675
3.pcd 0.48682 0.0537675 -0.0240701 0.97717 -0.0115759 0.202724 0.0625091
4.pcd 0.993821 0.0500499 -0.0320115 0.984204 -0.00324247 0.176944 0.00469105
5.pcd 1.13403 0.0496501 -0.0660959 0.97498 0.0157061 0.202479 -0.0903799
6.pcd 1.62308 -0.152686 -0.0206997 0.973031 0.0306785 0.181684 -0.138784
7.pcd 1.73209 -0.148826 -0.0389366 0.975862 0.0125881 0.216415 -0.0264621
8.pcd 2.24868 -0.106807 -0.0204021 0.985717 0.000572908 0.167961 -0.0122825
9.pcd 2.74891 -0.115865 -0.0300263 0.98303 0.00589238 0.182827 -0.0138594
10.pcd 3.25547 -0.142939 -0.0542663 0.980256 -0.00199214 0.196929 -0.0176852
11.pcd 3.24398 -0.166505 -0.0362987 0.965652 0.0343391 0.210714 -0.148113
12.pcd 3.21273 -0.192786 -0.0408669 0.947038 0.06463 0.204821 -0.238726
13.pcd 3.19242 -0.209186 -0.0422287 0.921497 0.0784005 0.188139 -0.330607
14.pcd 3.17741 -0.243773 -0.0560532 0.881436 0.0968273 0.179865 -0.425845
15.pcd 3.15447 -0.251859 -0.0427853 0.838307 0.112713 0.163037 -0.507893
16.pcd 3.11903 -0.265753 -0.0314096 0.779607 0.129269 0.155033 -0.592846
17.pcd 3.09601 -0.274687 -0.0432565 0.71865 0.14432 0.141224 -0.66541
18.pcd 3.05554 -0.281213 -0.0434825 0.647676 0.156244 0.12546 -0.735094
19.pcd 3.01455 -0.264592 -0.033256 0.570237 0.176522 0.115049 -0.793998
20.pcd 2.98264 -0.270452 -0.034964 -0.493618 -0.17844 -0.0912682 0.846269
21.pcd 2.95627 -0.262431 -0.0452063 -0.402833 -0.196663 -0.0771455 0.89056
22.pcd 2.92735 -0.24689 -0.0395655 -0.316899 -0.191401 -0.055448 0.92729
23.pcd 2.90609 -0.220224 -0.0480537 -0.21603 -0.204085 -0.0371485 0.954097
24.pcd 2.89239 -0.191943 -0.04159 -0.130453 -0.197472 -0.0193439 0.971397
25.pcd 2.86584 -0.164252 -0.0486499 -0.025746 -0.199474 -0.00246631 0.979562
26.pcd 2.32443 -0.175212 -0.0486436 -0.00176386 -0.180165 -0.00776171 0.983604
27.pcd 1.78453 -0.153628 -0.0319328 0.0144959 -0.194394 -0.00741953 0.980788
28.pcd 1.68981 -0.156875 -0.0585595 0.100627 -0.208125 0.00918743 0.972869
29.pcd 1.19684 -0.0529367 -0.0206111 0.0995997 -0.169704 0.00340723 0.980443
30.pcd 0.673966 0.0633087 -0.047007 0.081787 -0.191356 0.013872 0.978009
31.pcd 0.657992 0.0386614 -0.0351027 -0.0435597 -0.207771 -0.0177113 0.977047
32.pcd 0.121534 -0.0820183 -0.0220601 -0.0750306 -0.17112 -0.0258493 0.982049
33.pcd -0.177961 -0.118567 -0.0651944 -0.196551 -0.196074 -0.0400534 0.959853
34.pcd -0.140436 -0.1372 -0.0103084 -0.292847 -0.185157 -0.0688776 0.935528
35.pcd -0.112146 -0.157353 -0.0096835 -0.38021 -0.170994 -0.0879681 0.904689
36.pcd -0.206698 -0.386859 -0.0438224 -0.480256 -0.173511 -0.0985289 0.854131
37.pcd -0.162257 -0.375016 -0.055875 0.564276 0.161438 0.127577 -0.799534
38.pcd -0.125215 -0.36172 -0.0514508 0.63798 0.144213 0.136586 -0.743995
39.pcd -0.202745 -0.436365 -0.0642055 0.707064 0.133967 0.152523 -0.677385
40.pcd -0.173825 -0.406198 -0.0477844 0.765941 0.116869 0.158838 -0.611921
41.pcd -0.1925 -0.403136 -0.0489852 0.710763 0.126812 0.141102 -0.677366
42.pcd -0.167109 -0.935611 -0.0569193 0.710957 0.1141 0.133004 -0.681052
43.pcd -0.201053 -1.46054 -0.0185665 0.674003 0.130328 0.129321 -0.715549
44.pcd -0.211381 -1.99404 -0.0452806 0.671117 0.130263 0.133848 -0.717439
45.pcd -0.261224 -2.53056 -0.0410047 0.676066 0.138308 0.13035 -0.711909
46.pcd -0.32692 -3.05697 -0.0839799 0.672563 0.154251 0.134991 -0.711085
47.pcd -0.285452 -3.16141 -0.0751649 0.602392 0.156165 0.120602 -0.773428
48.pcd -0.31704 -3.15232 -0.0734027 0.523971 0.168274 0.0945843 -0.829573
49.pcd -0.332156 -3.12432 -0.0848006 -0.448139 -0.172621 -0.0832636 0.873178
50.pcd -0.365428 -3.09901 -0.0879467 -0.364531 -0.190459 -0.0698576 0.908825
51.pcd -0.401864 -3.08369 -0.0589573 -0.275037 -0.185306 -0.0398143 0.942566
52.pcd -0.391622 -3.06229 -0.0671876 -0.176097 -0.192877 -0.025805 0.964947
53.pcd -0.407849 -3.04099 -0.0465379 -0.0829211 -0.191775 -0.00516353 0.977916
54.pcd -0.407675 -3.00303 -0.0427718 0.0170379 -0.189379 0.0214861 0.981521
55.pcd -0.405665 -2.97562 -0.0513852 0.110193 -0.198112 0.037669 0.973237
56.pcd -0.40309 -2.93408 -0.0522728 0.206006 -0.179909 0.0569581 0.960182
57.pcd -0.400789 -2.89048 -0.0574708 0.301746 -0.189263 0.0737765 0.931497
58.pcd -0.366209 -2.82541 -0.0815948 0.396539 -0.166914 0.0829267 0.898899
59.pcd -0.355274 -2.81282 -0.0502746 0.483806 -0.168389 0.10684 0.852151
60.pcd -0.31954 -2.79126 -0.0539679 0.566069 -0.149778 0.118775 0.801888
61.pcd -0.265361 -2.75225 -0.0580515 0.698248 -0.1338 0.148507 0.687381
62.pcd -0.201276 -2.21636 -0.0458599 0.723381 -0.118469 0.124331 0.66875
63.pcd -0.223406 -1.89695 -0.0597945 0.658498 -0.149411 0.137991 0.72458
64.pcd -0.250133 -1.37045 -0.0332481 0.69666 -0.123916 0.120463 0.696275
65.pcd -0.20572 -0.859987 -0.0201813 0.694009 -0.128495 0.128031 0.696742
66.pcd -0.225877 -0.340328 -0.0455392 0.689686 -0.140332 0.133682 0.697689
67.pcd -0.224591 0.16184 -0.0577308 0.684978 -0.160649 0.152971 0.693971
68.pcd -0.166263 0.12133 -0.0687601 0.770582 -0.126425 0.168954 0.601395
69.pcd -0.152392 0.100832 -0.0480029 0.826336 -0.100889 0.176051 0.525354
70.pcd -0.0999432 0.0823451 -0.0761051 0.876296 -0.0840616 0.187146 0.435908
71.pcd -0.0713553 0.06547 -0.0694631 0.914994 -0.0655117 0.195848 0.346608
72.pcd -0.0481501 0.0408542 -0.0639046 0.946484 -0.0381914 0.193011 0.255844
73.pcd -0.0382501 0.0162193 -0.0720581 0.964305 -0.0248818 0.208453 0.161383
74.pcd -0.0117916 -0.0178629 -0.0431282 0.978305 0.00104696 0.196399 0.0659273
75.pcd -0.02909 -0.0484694 -0.044512 0.979067 0.0046926 0.201362 -0.0293167
76.pcd -0.0320379 -0.0714603 -0.0532036 0.971377 0.0285659 0.199034 -0.126474
77.pcd -0.0419938 -0.10355 -0.0468365 0.953228 0.0507134 0.19452 -0.225713
78.pcd -0.0536708 -0.126271 -0.0383877 0.928736 0.066173 0.183203 -0.315448
79.pcd -0.0535056 -0.152345 -0.0524936 0.88968 0.0880044 0.177394 -0.411408
80.pcd -0.0706371 -0.17364 -0.0483391 0.847404 0.102611 0.164009 -0.494447
81.pcd -0.0918649 -0.202291 -0.0564965 0.79004 0.118963 0.154842 -0.581127
82.pcd -0.11596 -0.216221 -0.061846 0.732545 0.132942 0.144642 -0.651754
83.pcd -0.148003 -0.230257 -0.0639638 0.661758 0.143895 0.124421 -0.725183
84.pcd -0.190194 -0.239389 -0.054423 0.586406 0.15769 0.114778 -0.786186
85.pcd -0.227872 -0.230373 -0.0358599 0.507907 0.163783 0.092126 -0.840666
86.pcd -0.227012 -0.217578 -0.0447755 -0.418702 -0.183261 -0.0802106 0.885816
87.pcd -0.253699 -0.200588 -0.0446358 -0.334028 -0.183067 -0.0576037 0.922818
88.pcd -0.295885 -0.16155 -0.0520892 -0.233202 -0.194107 -0.0415643 0.951952
89.pcd -0.29762 -0.126748 -0.0477649 -0.141738 -0.191417 -0.0225266 0.97096
90.pcd -0.302943 -0.0882749 -0.0439029 -0.0390076 -0.197854 -0.00271095 0.979451
91.pcd -0.301562 -0.0553269 -0.0500024 0.0568946 -0.196483 0.0147039 0.978745
92.pcd -0.299935 -0.019032 -0.0327331 0.156588 -0.192229 0.0367318 0.96808
93.pcd -0.288617 0.0207691 -0.0321106 0.2521 -0.19323 0.0542129 0.946662
94.pcd -0.274753 0.0336936 -0.0359876 0.340654 -0.17773 0.0757756 0.920122
95.pcd -0.249326 0.0827178 -0.045007 0.434268 -0.180797 0.0987479 0.876911
96.pcd -0.225366 0.0917747 -0.066551 0.514048 -0.16297 0.115445 0.834187
97.pcd -0.177049 0.125463 -0.0568433 0.597802 -0.15891 0.133994 0.774226
98.pcd -0.117717 0.145319 -0.0106514 0.672434 -0.135412 0.142883 0.713499
99.pcd -0.070515 0.167923 0.012707 0.745718 -0.122185 0.155108 0.636331
100.pcd -0.0133612 0.155344 -0.000656122 0.804294 -0.103326 0.164957 0.561448
101.pcd -0.00432581 0.154223 0.003059 0.857671 -0.0814722 0.175271 0.47649
102.pcd 0.0274951 0.125536 -0.0347044 0.898146 -0.071986 0.189452 0.390204
103.pcd 0.027985 0.0990831 -0.054172 0.93221 -0.0493082 0.19299 0.302171
104.pcd 0.0307686 0.0738026 -0.0689826 0.955743 -0.0374094 0.205018 0.207664
105.pcd 0.0421958 0.0405585 -0.0618018 0.972927 -0.016458 0.199318 0.115818
106.pcd 0.0537585 0.0179362 -0.0892901 0.977739 0.00271753 0.209403 0.0130356
