0 0 0 0 0 0 1 0 0 0 原点
-10.0319 -2.49654 0.0338065 -0.00520449 0.0100402 -0.647224 0.762216 0 0 0 展厅看板
-8.33233 -9.13098 0.0434534 -0.010924 0.0156736 0.0915143 0.99562 0 0 0 展厅导线
13.1068 -3.53036 0.0307174 -0.000160712 0.00788745 -0.727046 0.686544 0 0 0 沙发
14.6684 -14.3417 -0.153163 0.00106037 0.00886141 -0.00564977 0.999944 0 0 0 餐厅
3.00249 -5.60768 -0.0431272 -0.00864558 0.00953863 0.0477123 0.998778 0 0 0 培训室
6.28521 -6.54085 0.00724425 -0.00441918 0.0151301 -0.718949 0.694884 0 0 0 1楼楼梯
6.00635 -6.50247 4.10117 -0.00234073 -0.00681509 0.69824 0.715827 0 0 0 二楼楼梯
-1.76493 -4.95803 3.96331 -0.0136518 -0.00855858 0.999756 0.0151416 0 0 0 研发中心
-5.23088 -8.71032 3.85903 0.00657686 0.00648565 -0.702345 0.711777 0 0 0 软件办公室
13.4703 -3.20668 4.12367 -0.0118948 0.00371062 0.734655 0.678326 0 0 0 2楼会议室
8.04584 -13.2762 4.20889 0.00549634 -0.00455077 -0.99997 0.0028957 0 0 0 冰箱
14.8258 -24.0002 4.21076 -0.00249746 0.00520871 -0.742504 0.669817 0 0 0 安徽厅
