0.pcd -1.94736e-06 3.0581e-07 0.000778383 0.979746 -0.00605239 0.200151 2.43584e-06
1.pcd 0.0322122 -0.0481942 0.257136 0.972499 0.0226921 0.199555 -0.117933
2.pcd 0.0145183 -0.0831876 0.254888 0.950875 0.0421071 0.188895 -0.241625
3.pcd -0.0177141 -0.109351 0.226902 0.925998 0.0639816 0.177407 -0.32705
4.pcd -0.0485613 -0.144489 0.230514 0.891521 0.080292 0.173978 -0.410457
5.pcd -0.0716107 -0.167561 0.247399 0.847485 0.0991755 0.160367 -0.496202
6.pcd -0.0973681 -0.184704 0.251934 0.796381 0.113433 0.152013 -0.574284
7.pcd -0.142748 -0.185349 0.254674 0.7335 0.130693 0.139829 -0.652184
8.pcd -0.0397077 -0.716116 0.259496 0.727166 0.118366 0.13296 -0.662978
9.pcd 0.00966683 -1.23649 0.246173 0.713855 0.108231 0.127439 -0.680041
10.pcd 0.111529 -1.60445 0.247762 0.793588 0.102163 0.129259 -0.585725
11.pcd 0.0814182 -1.43514 0.237727 0.722614 0.121765 0.143107 -0.665224
12.pcd 0.0257526 -1.9533 0.237419 0.685207 0.13396 0.132388 -0.703576
13.pcd -0.0598653 -2.45652 0.234878 0.688614 0.128876 0.131268 -0.701406
14.pcd -0.12721 -2.96421 0.22776 0.684375 0.148724 0.136925 -0.700545
15.pcd -0.0773638 -2.95517 0.220496 0.745101 0.131764 0.158112 -0.6344
16.pcd -0.0500762 -2.88388 0.225967 0.811208 0.111488 0.167601 -0.549019
17.pcd -0.0220713 -2.86099 0.223946 0.861739 0.0902448 0.182521 -0.464703
18.pcd -0.000590389 -2.84151 0.22678 0.904475 0.0664472 0.189001 -0.376548
19.pcd 0.00881088 -2.82355 0.227658 0.936845 0.0493836 0.196883 -0.284816
20.pcd 0.019815 -2.78979 0.241529 0.960336 0.0305858 0.199165 -0.192752
21.pcd 0.0352729 -2.74638 0.233036 0.974409 0.0167175 0.204796 -0.0911406
22.pcd 0.0464356 -2.70775 0.230182 0.979633 -0.00664555 0.200676 0.00215514
23.pcd 0.0496038 -2.681 0.231161 0.974052 -0.022246 0.199986 0.103601
24.pcd 0.0381722 -2.66374 0.226629 0.959426 -0.0462668 0.195912 0.197433
25.pcd 0.0195158 -2.64559 0.222354 0.933535 -0.0677633 0.187145 0.298158
26.pcd 0.00235568 -2.62212 0.215454 0.8988 -0.0827906 0.182925 0.389669
27.pcd -0.0374852 -2.60628 0.20867 0.858095 -0.104216 0.164736 0.475052
28.pcd -0.0677919 -2.59295 0.203013 0.813018 -0.117647 0.157082 0.548167
29.pcd -0.129947 -2.57021 0.233757 0.736475 -0.132216 0.14056 0.648356
30.pcd -0.100741 -2.58537 0.224829 0.68601 -0.125316 0.101235 0.709533
31.pcd -0.0538405 -2.08551 0.231385 0.682269 -0.146724 0.144415 0.701516
32.pcd -0.140028 -1.53662 0.23551 0.689282 -0.125506 0.118509 0.703629
33.pcd -0.153436 -1.02159 0.258114 0.685764 -0.129695 0.125717 0.705055
34.pcd -0.162854 -0.477129 0.230168 0.687306 -0.139018 0.135245 0.699995
35.pcd -0.228029 0.112893 0.215788 0.671597 -0.142208 0.133145 0.714848
36.pcd -0.21046 0.122058 0.204926 0.744132 -0.133458 0.149438 0.637279
37.pcd -0.173964 0.116925 0.209968 0.80308 -0.114419 0.167827 0.560182
38.pcd -0.144113 0.112979 0.211164 0.853575 -0.0965712 0.184837 0.477409
39.pcd -0.116016 0.103809 0.226098 0.897214 -0.0700189 0.184362 0.395114
40.pcd -0.0898393 0.0967259 0.253441 0.928291 -0.0479864 0.189542 0.316302
41.pcd -0.0350407 0.0311755 0.24068 0.959527 -0.0301734 0.201176 0.194745
42.pcd -0.0134225 -0.00252034 0.233742 0.978521 -0.00338574 0.197429 0.0592142
43.pcd -0.0319217 -0.0524861 0.235928 0.980679 0.0130163 0.191154 -0.0394855
44.pcd -0.0378865 -0.0880622 0.232549 0.969511 0.0383373 0.199527 -0.136995
45.pcd -0.0507389 -0.103508 0.279544 0.953527 0.062387 0.18169 -0.232129
46.pcd -0.0722314 -0.116341 0.267308 0.921531 0.081571 0.191406 -0.327857
47.pcd -0.110351 -0.137417 0.253374 0.887954 0.0963483 0.171794 -0.415621
48.pcd -0.122719 -0.193707 0.23224 0.842981 0.098212 0.16419 -0.502772
49.pcd -0.151976 -0.225639 0.237769 0.787511 0.116919 0.151833 -0.585749
